0 13 13 4    0  2  2  2   
0 0 0 0      0  0  0  0 
13 0 0 5     9  0  0  2  
0 1 0 1      0  8  0  11 

8 0 0 2     4  0  0  5   
0 2 2 2     0  5  5  5 
0 2 9 0     0  5  4  0 
0 0 11 2    0  0  12  1 

0 0 1 0     0  0  8  0   
4 12 0 5    2  8  0  2 
1 0 5 0     8  0  2  0
0 12 0 0    0  8  0  0 

10 0 0 0    5  0  0  0    
0 0 8 0     0  0  5  0
0 2 0 0     0  5  0  0 
2 0 0 0     5  0  0  0 

0 0 0 0     0  0  0  0   
0 0 0 0     0  0  0  0
0 0 0 0     0  0  0  0
0 0 0 5     0  0  0  10

0 0 10 0    0  0  6  0    
0 0 0 0     0  0  0  0
0 0 0 0     0  0  0  0 
0 0 0 0     0  0  0  0 

0 0 0 0     0  0  0  0  
0 0 0 0     0  0  0  0
0 0 0 0     0  0  0  0
0 0 0 0     0  0  0  0 

0 0 0 0     0  0  0  0  
0 0 0 0     0  0  0  0
0 0 0 0     0  0  0  0
0 0 0 0     0  0  0  0

0 0 0 0     0  0  0  0  
0 0 0 0     0  0  0  0
0 0 0 0     0  0  0  0
0 0 0 0     0  0  0  0

0 0 0 0     0  0  0  0  
0 0 0 0     0  0  0  0
0 0 0 0     0  0  0  0
0 0 0 0     0  0  0  0

0 0 0 0     0  0  0  0  
0 0 0 0     0  0  0  0
0 0 0 13    0  0  0  2
0 0 0 0     0  0  0  0

0 0 0 0     0  0  0  0  
0 0 0 0     0  0  0  0
0 0 0 0     0  0  0  0
0 0 0 0     0  0  0  0 

0 0 0 0     0  0  0  0  
0 0 0 0     0  0  0  0
0 0 0 0     0  0  0  0
0 0 0 0     0  0  0  0

0 0 0 0     0  0  0  0  
0 0 0 0     0  0  0  0
0 0 0 0     0  0  0  0
0 0 0 0     0  0  0  0

0 0 0 0     0  0  0  0  
0 0 0 0     0  0  0  0
0 0 0 0     0  0  0  0
0 0 0 0     0  0  0  0

0 0 0 0     0  0  0  0  
0 0 0 0     0  0  0  0
0 0 0 0     0  0  0  0
0 0 0 0     0  0  0  0

0 0 0 0     0  0  0  0  
0 0 0 0     0  0  0  0
0 0 0 0     0  0  0  0
0 0 0 0     0  0  0  0

0 0 0 0     0  0  0  0  
0 0 0 0     0  0  0  0
0 0 0 0     0  0  0  0
0 0 0 0     0  0  0  0

0 0 0 0     0  0  0  0  
0 0 0 0     0  0  0  0
0 0 0 0     0  0  0  0
0 0 0 0     0  0  0  0

0 0 0 0     0  0  0  0  
0 0 0 0     0  0  0  0
0 0 0 0     0  0  0  0
0 0 0 0     0  0  0  0