==============================
MIN_CORR 层级: 43
==============================

--- 新增 Trail #1 ---
Round 00 | IN:  0000 0000 0000 0000 0000 0000 0000 0000 0000 0000 0000 0000 0000 0000 0000 0000
Round 00 | OUT: 0001 0000 0000 0000 0000 0000 0000 0000 0000 0000 0000 0000 0000 0000 0000 0001
Round 01 | IN:  0000 0000 0000 0000 0000 0000 0000 0000 0001 0000 0000 0000 0000 0000 0000 0001
Round 01 | OUT: 0000 0000 0000 0000 0000 0000 0000 0000 1000 0000 0000 0000 0000 0001 0000 0100
Round 02 | IN:  0000 0000 0000 0000 0000 0000 0000 0101 0000 0000 0000 0000 0000 0000 1000 0000
Round 02 | OUT: 0000 0000 0000 0000 0000 0000 0000 1001 0000 0000 0000 0000 0000 0000 0000 0000
Round 03 | IN:  0000 1000 0000 0000 0000 0000 0000 0000 0000 0000 0000 0000 0000 0001 0000 0000
Round 03 | OUT: 0000 0000 0000 0000 0000 0000 0000 0000 0000 0000 0000 0000 0000 0000 0000 0000

--- 新增 Trail #2 ---
Round 00 | IN:  0000 0000 0000 0000 0000 0000 0000 0000 0000 0000 0000 0000 0000 0000 0000 0000
Round 00 | OUT: 0001 1000 0000 0000 0000 0000 0000 0000 0000 0000 0000 0000 0000 0000 0000 0001
Round 01 | IN:  0000 0000 0000 0000 0000 0000 0000 0000 1001 0000 0000 0000 0000 0000 0000 0001
Round 01 | OUT: 0000 0000 0000 0000 0000 0000 0000 0000 1000 0000 0000 0000 0000 0001 0000 1100
Round 02 | IN:  0000 0000 0000 1000 0000 0000 0000 0101 0000 0000 0000 0000 0000 0000 1000 0000
Round 02 | OUT: 0000 0000 0000 0000 0000 0000 0000 1001 0000 0000 0000 0000 0000 0000 0000 0000
Round 03 | IN:  0000 1000 0000 0000 0000 0000 0000 0000 0000 0000 0000 0000 0000 0001 0000 0000
Round 03 | OUT: 0000 0000 0000 0000 0000 0000 0000 0000 0000 0000 0000 0000 0000 0000 0000 0000

--- 新增 Trail #3 ---
Round 00 | IN:  0000 0000 0000 0000 0000 0000 0000 0000 0000 0000 0000 0000 0000 0000 0000 0000
Round 00 | OUT: 0001 1000 0000 0000 0000 0000 0000 0000 0000 0000 0000 0000 0000 0000 0000 0001
Round 01 | IN:  0000 0000 0000 0000 0000 0000 0000 0000 1001 0000 0000 0000 0000 0000 0000 0001
Round 01 | OUT: 0000 0000 0000 0000 0000 0000 0000 0000 1000 0000 0000 0000 0000 0001 0000 0100
Round 02 | IN:  0000 0000 0000 0000 0000 0000 0000 0101 0000 0000 0000 0000 0000 0000 1000 0000
Round 02 | OUT: 0000 0000 0000 0000 0000 0000 0000 1001 0000 0000 0000 0000 0000 0000 0000 0000
Round 03 | IN:  0000 1000 0000 0000 0000 0000 0000 0000 0000 0000 0000 0000 0000 0001 0000 0000
Round 03 | OUT: 0000 0000 0000 0000 0000 0000 0000 0000 0000 0000 0000 0000 0000 0000 0000 0000

--- 新增 Trail #4 ---
Round 00 | IN:  0000 0000 0000 0000 0000 0000 0000 0000 0000 0000 0000 0000 0000 0000 0000 0000
Round 00 | OUT: 0001 0000 0000 0000 0000 1000 0000 0000 0000 0000 0000 0000 0000 0000 0000 0001
Round 01 | IN:  0000 0000 0000 0000 0000 0000 0000 0000 0001 1000 0000 0000 0000 0000 0000 0001
Round 01 | OUT: 0000 0000 0000 0000 0000 0000 0000 0000 1000 0101 0000 0000 0000 0001 0000 1000
Round 02 | IN:  0000 0000 0000 1000 0000 0000 0001 0001 0000 0000 0000 0000 0000 0000 1100 0000
Round 02 | OUT: 0000 0000 0000 0000 0000 0000 0000 1000 0000 0000 0000 0000 0000 0000 0000 0000
Round 03 | IN:  0000 1000 0000 0000 0000 0000 0000 0000 0000 0000 0000 0000 0000 0000 0000 0000
Round 03 | OUT: 0000 0000 0000 0000 0000 0000 0000 0000 0000 0000 0000 0000 0000 0000 0000 0000

--- 新增 Trail #5 ---
Round 00 | IN:  0000 0000 0000 0000 0000 0000 0000 0000 0000 0000 0000 0000 0000 0000 0000 0000
Round 00 | OUT: 0000 0000 0000 0000 0000 1000 0000 0000 0000 0000 0000 0000 0000 0000 0000 0001
Round 01 | IN:  0000 0000 0000 0000 0000 0000 0000 0000 0000 1000 0000 0000 0000 0000 0000 0001
Round 01 | OUT: 0000 0000 0000 0000 0000 0000 0000 0000 0000 0101 0000 0000 0000 0001 0000 0100
Round 02 | IN:  0000 0000 0000 0000 0000 0000 0001 0101 0000 0000 0000 0000 0000 0000 0100 0000
Round 02 | OUT: 0000 0000 0000 0000 0000 0000 0000 1001 0000 0000 0000 0000 0000 0000 0000 0000
Round 03 | IN:  0000 1000 0000 0000 0000 0000 0000 0000 0000 0000 0000 0000 0000 0001 0000 0000
Round 03 | OUT: 0000 0000 0000 0000 0000 0000 0000 0000 0000 0000 0000 0000 0000 0000 0000 0000

--- 新增 Trail #6 ---
Round 00 | IN:  0000 0000 0000 0000 0000 0000 0000 0000 0000 0000 0000 0000 0000 0000 0000 0000
Round 00 | OUT: 0000 0000 0000 0000 0000 0000 0000 0000 0000 0000 0000 0000 0000 0000 0000 0001
Round 01 | IN:  0000 0000 0000 0000 0000 0000 0000 0000 0000 0000 0000 0000 0000 0000 0000 0001
Round 01 | OUT: 0000 0000 0000 0000 0000 0000 0000 0000 0000 0000 0000 0000 1000 0001 0000 0101
Round 02 | IN:  0000 0000 0000 0000 0000 0000 0000 0101 0000 0000 0000 0000 0000 0000 0000 1001
Round 02 | OUT: 0000 0000 0000 0000 0000 0000 0000 1001 0000 0000 0000 0000 0000 0000 0000 1000
Round 03 | IN:  0000 1000 0000 1000 0000 0000 0000 0000 0000 0000 0000 0000 0000 0001 0000 0000
Round 03 | OUT: 0000 0000 0000 0000 0000 0000 0000 0000 0000 0000 0000 0000 0000 0000 0000 0000

--- 新增 Trail #7 ---
Round 00 | IN:  0000 0000 0000 0000 0000 0000 0000 0000 0000 0000 0000 0000 0000 0000 0000 0000
Round 00 | OUT: 0001 0000 0000 0000 0000 0000 0000 0000 0000 0000 0000 0000 0000 0000 0000 0001
Round 01 | IN:  0000 0000 0000 0000 0000 0000 0000 0000 0001 0000 0000 0000 0000 0000 0000 0001
Round 01 | OUT: 0000 0000 0000 0000 0000 0000 0000 0000 1000 0000 0000 0000 0000 0001 0000 1100
Round 02 | IN:  0000 0000 0000 1000 0000 0000 0000 0101 0000 0000 0000 0000 0000 0000 1000 0000
Round 02 | OUT: 0000 0000 0000 0000 0000 0000 0000 1001 0000 0000 0000 0000 0000 0000 0000 0000
Round 03 | IN:  0000 1000 0000 0000 0000 0000 0000 0000 0000 0000 0000 0000 0000 0001 0000 0000
Round 03 | OUT: 0000 0000 0000 0000 0000 0000 0000 0000 0000 0000 0000 0000 0000 0000 0000 0000

--- 新增 Trail #8 ---
Round 00 | IN:  0000 0000 0000 0000 0000 0000 0000 0000 0000 0000 0000 0000 0000 0000 0000 0000
Round 00 | OUT: 0000 0000 0000 0000 0000 0000 0000 0000 0000 0000 0000 0000 0000 0000 0000 0001
Round 01 | IN:  0000 0000 0000 0000 0000 0000 0000 0000 0000 0000 0000 0000 0000 0000 0000 0001
Round 01 | OUT: 0000 0000 0000 0000 0000 0000 0000 0000 0000 0000 0000 0000 0000 0001 0000 0101
Round 02 | IN:  0000 0000 0000 0000 0000 0000 0000 0101 0000 0000 0000 0000 0000 0000 0000 0001
Round 02 | OUT: 0000 0000 0000 0000 0000 0000 0000 1001 0000 0000 0000 0000 0000 0000 0000 1000
Round 03 | IN:  0000 1000 0000 1000 0000 0000 0000 0000 0000 0000 0000 0000 0000 0001 0000 0000
Round 03 | OUT: 0000 0000 0000 0000 0000 0000 0000 0000 0000 0000 0000 0000 0000 0000 0000 0000

--- 新增 Trail #9 ---
Round 00 | IN:  0000 0000 0000 0000 0000 0000 0000 0000 0000 0000 0000 0000 0000 0000 0000 0000
Round 00 | OUT: 0000 0000 0000 0000 0000 0000 0000 0000 0000 0000 0000 0000 0000 0000 0000 0001
Round 01 | IN:  0000 0000 0000 0000 0000 0000 0000 0000 0000 0000 0000 0000 0000 0000 0000 0001
Round 01 | OUT: 0000 0000 0000 0000 0000 0000 0000 0000 0000 0000 0000 0000 0000 0001 0000 1101
Round 02 | IN:  0000 0000 0000 1000 0000 0000 0000 0101 0000 0000 0000 0000 0000 0000 0000 0001
Round 02 | OUT: 0000 0000 0000 0000 0000 0000 0000 1001 0000 0000 0000 0000 0000 0000 0000 1000
Round 03 | IN:  0000 1000 0000 1000 0000 0000 0000 0000 0000 0000 0000 0000 0000 0001 0000 0000
Round 03 | OUT: 0000 0000 0000 0000 0000 0000 0000 0000 0000 0000 0000 0000 0000 0000 0000 0000

--- 新增 Trail #10 ---
Round 00 | IN:  0000 0000 0000 0000 0000 0000 0000 0000 0000 0000 0000 0000 0000 0000 0000 0000
Round 00 | OUT: 0000 0000 0000 0000 0000 0000 0000 0000 0000 0000 0000 0000 0000 0000 0000 0001
Round 01 | IN:  0000 0000 0000 0000 0000 0000 0000 0000 0000 0000 0000 0000 0000 0000 0000 0001
Round 01 | OUT: 0000 0000 0000 0000 0000 0000 0000 0000 0000 0000 0000 0000 1000 0001 0000 1101
Round 02 | IN:  0000 0000 0000 1000 0000 0000 0000 0101 0000 0000 0000 0000 0000 0000 0000 1001
Round 02 | OUT: 0000 0000 0000 0000 0000 0000 0000 1001 0000 0000 0000 0000 0000 0000 0000 1000
Round 03 | IN:  0000 1000 0000 1000 0000 0000 0000 0000 0000 0000 0000 0000 0000 0001 0000 0000
Round 03 | OUT: 0000 0000 0000 0000 0000 0000 0000 0000 0000 0000 0000 0000 0000 0000 0000 0000

--- 新增 Trail #11 ---
Round 00 | IN:  0000 0000 0000 0000 0000 0000 0000 0000 0000 0000 0000 0000 0000 0000 0000 0000
Round 00 | OUT: 0000 0000 0000 0000 0000 1000 0000 0000 0000 0000 0000 0000 0000 0000 0000 0001
Round 01 | IN:  0000 0000 0000 0000 0000 0000 0000 0000 0000 1000 0000 0000 0000 0000 0000 0001
Round 01 | OUT: 0000 0000 0000 0000 0000 0000 0000 0000 0000 0101 0000 0000 0000 0001 0000 1100
Round 02 | IN:  0000 0000 0000 1000 0000 0000 0001 0101 0000 0000 0000 0000 0000 0000 0100 0000
Round 02 | OUT: 0000 0000 0000 0000 0000 0000 0000 1001 0000 0000 0000 0000 0000 0000 0000 0000
Round 03 | IN:  0000 1000 0000 0000 0000 0000 0000 0000 0000 0000 0000 0000 0000 0001 0000 0000
Round 03 | OUT: 0000 0000 0000 0000 0000 0000 0000 0000 0000 0000 0000 0000 0000 0000 0000 0000

--- 新增 Trail #12 ---
Round 00 | IN:  0000 0000 0000 0000 0000 0000 0000 0000 0000 0000 0000 0000 0000 0000 0000 0000
Round 00 | OUT: 0001 1000 0000 0000 0000 1000 0000 0000 0000 0000 0000 0000 0000 0000 0000 0001
Round 01 | IN:  0000 0000 0000 0000 0000 0000 0000 0000 1001 1000 0000 0000 0000 0000 0000 0001
Round 01 | OUT: 0000 0000 0000 0000 0000 0000 0000 0000 1000 0101 0000 0000 0000 0001 0000 1000
Round 02 | IN:  0000 0000 0000 1000 0000 0000 0001 0001 0000 0000 0000 0000 0000 0000 1100 0000
Round 02 | OUT: 0000 0000 0000 0000 0000 0000 0000 1000 0000 0000 0000 0000 0000 0000 0000 0000
Round 03 | IN:  0000 1000 0000 0000 0000 0000 0000 0000 0000 0000 0000 0000 0000 0000 0000 0000
Round 03 | OUT: 0000 0000 0000 0000 0000 0000 0000 0000 0000 0000 0000 0000 0000 0000 0000 0000

--- 新增 Trail #13 ---
Round 00 | IN:  0000 0000 0000 0000 0000 0000 0000 0000 0000 0000 0000 0000 0000 0000 0000 0000
Round 00 | OUT: 0000 0000 0000 0000 0000 0000 0000 0000 0000 0000 0000 0000 0000 0000 0000 0001
Round 01 | IN:  0000 0000 0000 0000 0000 0000 0000 0000 0000 0000 0000 0000 0000 0000 0000 0001
Round 01 | OUT: 0000 0000 0000 0000 0000 0000 0000 0000 0000 0000 0000 0000 0000 0001 0000 1100
Round 02 | IN:  0000 0000 0000 1000 0000 0000 0000 0101 0000 0000 0000 0000 0000 0000 0000 0000
Round 02 | OUT: 0000 0000 0000 0000 0000 0000 0000 1010 0000 0000 0000 0000 0000 0000 0000 0000
Round 03 | IN:  0000 1000 0000 0000 0000 0000 0000 0000 0000 0010 0000 0000 0000 0000 0000 0000
Round 03 | OUT: 0000 0000 0000 0000 0000 0000 0000 0000 0000 0000 0000 0000 0000 0000 0000 0000

--- 新增 Trail #14 ---
Round 00 | IN:  0000 0000 0000 0000 0000 0000 0000 0000 0000 0000 0000 0000 0000 0000 0000 0000
Round 00 | OUT: 0000 0000 0000 0000 0000 0000 0000 0000 0000 0000 0000 0000 0000 0000 0000 0001
Round 01 | IN:  0000 0000 0000 0000 0000 0000 0000 0000 0000 0000 0000 0000 0000 0000 0000 0001
Round 01 | OUT: 0000 0000 0000 0000 0000 0000 0000 0000 0000 0000 0000 0000 0000 0001 0000 0100
Round 02 | IN:  0000 0000 0000 0000 0000 0000 0000 0101 0000 0000 0000 0000 0000 0000 0000 0000
Round 02 | OUT: 0000 0000 0000 0000 0000 0000 0000 1010 0000 0000 0000 0000 0000 0000 0000 0000
Round 03 | IN:  0000 1000 0000 0000 0000 0000 0000 0000 0000 0010 0000 0000 0000 0000 0000 0000
Round 03 | OUT: 0000 0000 0000 0000 0000 0000 0000 0000 0000 0000 0000 0000 0000 0000 0000 0000

--- 新增 Trail #15 ---
Round 00 | IN:  0000 0000 0000 0000 0000 0000 0000 0000 0000 0000 0000 0000 0000 0000 0000 0000
Round 00 | OUT: 0000 0000 0000 0000 0000 1000 0000 0000 0000 0000 0000 0000 0000 0000 0000 0000
Round 01 | IN:  0000 0000 0000 0000 0000 0000 0000 0000 0000 1000 0000 0000 0000 0000 0000 0000
Round 01 | OUT: 0000 0000 0000 0000 0000 0000 0000 0000 0000 0101 0000 0000 1000 0101 0000 0000
Round 02 | IN:  0000 0000 0000 0000 0000 0000 0001 0001 0000 0000 0000 0000 0000 0000 0100 1100
Round 02 | OUT: 0000 0000 0000 0000 0000 0000 0000 1000 0000 0000 0000 0000 0000 0000 0000 1010
Round 03 | IN:  0000 1000 0000 1000 0000 0000 0000 0000 0000 0000 0000 0010 0000 0000 0000 0000
Round 03 | OUT: 0000 0000 0000 0000 0000 0000 0000 0000 0000 0000 0000 0000 0000 0000 0000 0000

--- 新增 Trail #16 ---
Round 00 | IN:  0000 0000 0000 0000 0000 0000 0000 0000 0000 0000 0000 0000 0000 0000 0000 0000
Round 00 | OUT: 0001 0000 0000 0000 0000 0000 0000 0000 0000 0000 0000 0000 0000 0000 0000 0000
Round 01 | IN:  0000 0000 0000 0000 0000 0000 0000 0000 0001 0000 0000 0000 0000 0000 0000 0000
Round 01 | OUT: 0000 0000 0000 0000 0000 0000 0000 0000 1000 0000 0000 0000 1000 0101 0000 0000
Round 02 | IN:  0000 0000 0000 0000 0000 0000 0000 0001 0000 0000 0000 0000 0000 0000 1000 1100
Round 02 | OUT: 0000 0000 0000 0000 0000 0000 0000 1000 0000 0000 0000 0000 0000 0000 0000 0010
Round 03 | IN:  0000 1000 0000 0000 0000 0000 0000 0000 0000 0000 0000 0010 0000 0000 0000 0000
Round 03 | OUT: 0000 0000 0000 0000 0000 0000 0000 0000 0000 0000 0000 0000 0000 0000 0000 0000

--- 新增 Trail #17 ---
Round 00 | IN:  0000 0000 0000 0000 0000 0000 0000 0000 0000 0000 0000 0000 0000 0000 0000 0000
Round 00 | OUT: 0001 0000 0000 0000 0000 1000 0000 0000 0000 0000 0000 0000 0000 0000 0000 0000
Round 01 | IN:  0000 0000 0000 0000 0000 0000 0000 0000 0001 1000 0000 0000 0000 0000 0000 0000
Round 01 | OUT: 0000 0000 0000 0000 0000 0000 0000 0000 1000 0101 0000 0000 0000 0001 0000 0000
Round 02 | IN:  0000 0000 0000 0000 0000 0000 0001 0001 0000 0000 0000 0000 0000 0000 1100 0000
Round 02 | OUT: 0000 0000 0000 0000 0000 0000 0000 1011 0000 0000 0000 0000 0000 0000 0000 0000
Round 03 | IN:  0000 1000 0000 0000 0000 0000 0000 0000 0000 0010 0000 0000 0000 0001 0000 0000
Round 03 | OUT: 0000 0000 0000 0000 0000 0000 0000 0000 0000 0000 0000 0000 0000 0000 0000 0000

--- 新增 Trail #18 ---
Round 00 | IN:  0000 0000 0000 0000 0000 0000 0000 0000 0000 0000 0000 0000 0000 0000 0000 0000
Round 00 | OUT: 0001 0000 0000 0000 0000 1000 0000 0000 0000 0000 0000 0000 0000 0000 0000 0000
Round 01 | IN:  0000 0000 0000 0000 0000 0000 0000 0000 0001 1000 0000 0000 0000 0000 0000 0000
Round 01 | OUT: 0000 0000 0000 0000 0000 0000 0000 0000 1000 0101 0000 0000 1000 0100 0000 0000
Round 02 | IN:  0000 0000 0000 0000 0000 0000 0001 0000 0000 0000 0000 0000 0000 0000 1100 1100
Round 02 | OUT: 0000 0000 0000 0000 0000 0000 0000 0000 0000 0000 0000 0000 0000 0000 0000 0010
Round 03 | IN:  0000 0000 0000 0000 0000 0000 0000 0000 0000 0000 0000 0010 0000 0000 0000 0000
Round 03 | OUT: 0000 0000 0000 0000 0000 0000 0000 0000 0000 0000 0000 0000 0000 0000 0000 0000

--- 新增 Trail #19 ---
Round 00 | IN:  0000 0000 0000 0000 0000 0000 0000 0000 0000 0000 0000 0000 0000 0000 0000 0000
Round 00 | OUT: 0000 0000 0000 0000 0000 1000 0000 0000 0000 0000 0000 0000 0000 0000 0000 0000
Round 01 | IN:  0000 0000 0000 0000 0000 0000 0000 0000 0000 1000 0000 0000 0000 0000 0000 0000
Round 01 | OUT: 0000 0000 0000 0000 0000 0000 0000 0000 0000 0101 0000 0000 1000 0101 0000 0000
Round 02 | IN:  0000 0000 0000 0000 0000 0000 0001 0001 0000 0000 0000 0000 0000 0000 0100 1100
Round 02 | OUT: 0000 0000 0000 0000 0000 0000 0000 1000 0000 0000 0000 0000 0000 0000 0000 0010
Round 03 | IN:  0000 1000 0000 0000 0000 0000 0000 0000 0000 0000 0000 0010 0000 0000 0000 0000
Round 03 | OUT: 0000 0000 0000 0000 0000 0000 0000 0000 0000 0000 0000 0000 0000 0000 0000 0000

--- 新增 Trail #20 ---
Round 00 | IN:  0000 0000 0000 0000 0000 0000 0000 0000 0000 0000 0000 0000 0000 0000 0000 0000
Round 00 | OUT: 0000 0000 0000 0000 0000 1000 0000 0000 0000 0000 0000 0000 0000 0000 0000 0001
Round 01 | IN:  0000 0000 0000 0000 0000 0000 0000 0000 0000 1000 0000 0000 0000 0000 0000 0001
Round 01 | OUT: 0000 0000 0000 0000 0000 0000 0000 0000 0000 0101 0000 0000 0000 0001 0000 1000
Round 02 | IN:  0000 0000 0000 1000 0000 0000 0001 0001 0000 0000 0000 0000 0000 0000 0100 0000
Round 02 | OUT: 0000 0000 0000 0000 0000 0000 0000 1011 0000 0000 0000 0000 0000 0000 0000 0000
Round 03 | IN:  0000 1000 0000 0000 0000 0000 0000 0000 0000 0010 0000 0000 0000 0001 0000 0000
Round 03 | OUT: 0000 0000 0000 0000 0000 0000 0000 0000 0000 0000 0000 0000 0000 0000 0000 0000

--- 新增 Trail #21 ---
Round 00 | IN:  0000 0000 0000 0000 0000 0000 0000 0000 0000 0000 0000 0000 0000 0000 0000 0000
Round 00 | OUT: 0001 0000 0000 0000 0000 0000 0000 0000 0000 0000 0000 0000 0000 0000 0000 0001
Round 01 | IN:  0000 0000 0000 0000 0000 0000 0000 0000 0001 0000 0000 0000 0000 0000 0000 0001
Round 01 | OUT: 0000 0000 0000 0000 0000 0000 0000 0000 1000 0000 0000 0000 0000 0001 0000 1000
Round 02 | IN:  0000 0000 0000 1000 0000 0000 0000 0001 0000 0000 0000 0000 0000 0000 1000 0000
Round 02 | OUT: 0000 0000 0000 0000 0000 0000 0000 1011 0000 0000 0000 0000 0000 0000 0000 0000
Round 03 | IN:  0000 1000 0000 0000 0000 0000 0000 0000 0000 0010 0000 0000 0000 0001 0000 0000
Round 03 | OUT: 0000 0000 0000 0000 0000 0000 0000 0000 0000 0000 0000 0000 0000 0000 0000 0000

--- 新增 Trail #22 ---
Round 00 | IN:  0000 0000 0000 0000 0000 0000 0000 0000 0000 0000 0000 0000 0000 0000 0000 0000
Round 00 | OUT: 0001 1000 0000 0000 0000 0000 0000 0000 0000 0000 0000 0000 0000 0000 0000 0001
Round 01 | IN:  0000 0000 0000 0000 0000 0000 0000 0000 1001 0000 0000 0000 0000 0000 0000 0001
Round 01 | OUT: 0000 0000 0000 0000 0000 0000 0000 0000 1000 0000 0000 0000 0000 0001 0000 1000
Round 02 | IN:  0000 0000 0000 1000 0000 0000 0000 0001 0000 0000 0000 0000 0000 0000 1000 0000
Round 02 | OUT: 0000 0000 0000 0000 0000 0000 0000 1011 0000 0000 0000 0000 0000 0000 0000 0000
Round 03 | IN:  0000 1000 0000 0000 0000 0000 0000 0000 0000 0010 0000 0000 0000 0001 0000 0000
Round 03 | OUT: 0000 0000 0000 0000 0000 0000 0000 0000 0000 0000 0000 0000 0000 0000 0000 0000

--- 新增 Trail #23 ---
Round 00 | IN:  0000 0000 0000 0000 0000 0000 0000 0000 0000 0000 0000 0000 0000 0000 0000 0000
Round 00 | OUT: 0001 0000 0000 0000 0000 0000 0000 0000 0000 0000 0000 0000 0000 0000 0000 0001
Round 01 | IN:  0000 0000 0000 0000 0000 0000 0000 0000 0001 0000 0000 0000 0000 0000 0000 0001
Round 01 | OUT: 0000 0000 0000 0000 0000 0000 0000 0000 1000 0000 0000 0000 1000 0100 0000 1000
Round 02 | IN:  0000 0000 0000 1000 0000 0000 0000 0000 0000 0000 0000 0000 0000 0000 1000 1100
Round 02 | OUT: 0000 0000 0000 0000 0000 0000 0000 0000 0000 0000 0000 0000 0000 0000 0000 0010
Round 03 | IN:  0000 0000 0000 0000 0000 0000 0000 0000 0000 0000 0000 0010 0000 0000 0000 0000
Round 03 | OUT: 0000 0000 0000 0000 0000 0000 0000 0000 0000 0000 0000 0000 0000 0000 0000 0000

--- 新增 Trail #24 ---
Round 00 | IN:  0000 0000 0000 0000 0000 0000 0000 0000 0000 0000 0000 0000 0000 0000 0000 0000
Round 00 | OUT: 0001 1000 0000 0000 0000 1000 0000 0000 0000 0000 0000 0000 0000 0000 0000 0000
Round 01 | IN:  0000 0000 0000 0000 0000 0000 0000 0000 1001 1000 0000 0000 0000 0000 0000 0000
Round 01 | OUT: 0000 0000 0000 0000 0000 0000 0000 0000 1000 0101 0000 0000 0000 0001 0000 0000
Round 02 | IN:  0000 0000 0000 0000 0000 0000 0001 0001 0000 0000 0000 0000 0000 0000 1100 0000
Round 02 | OUT: 0000 0000 0000 0000 0000 0000 0000 1011 0000 0000 0000 0000 0000 0000 0000 0000
Round 03 | IN:  0000 1000 0000 0000 0000 0000 0000 0000 0000 0010 0000 0000 0000 0001 0000 0000
Round 03 | OUT: 0000 0000 0000 0000 0000 0000 0000 0000 0000 0000 0000 0000 0000 0000 0000 0000

--- 新增 Trail #25 ---
Round 00 | IN:  0000 0000 0000 0000 0000 0000 0000 0000 0000 0000 0000 0000 0000 0000 0000 0000
Round 00 | OUT: 0001 1000 0000 0000 0000 0000 0000 0000 0000 0000 0000 0000 0000 0000 0000 0000
Round 01 | IN:  0000 0000 0000 0000 0000 0000 0000 0000 1001 0000 0000 0000 0000 0000 0000 0000
Round 01 | OUT: 0000 0000 0000 0000 0000 0000 0000 0000 1000 0000 0000 0000 1000 0101 0000 0000
Round 02 | IN:  0000 0000 0000 0000 0000 0000 0000 0001 0000 0000 0000 0000 0000 0000 1000 1100
Round 02 | OUT: 0000 0000 0000 0000 0000 0000 0000 1000 0000 0000 0000 0000 0000 0000 0000 0010
Round 03 | IN:  0000 1000 0000 0000 0000 0000 0000 0000 0000 0000 0000 0010 0000 0000 0000 0000
Round 03 | OUT: 0000 0000 0000 0000 0000 0000 0000 0000 0000 0000 0000 0000 0000 0000 0000 0000

--- 新增 Trail #26 ---
Round 00 | IN:  0000 0000 0000 0000 0000 0000 0000 0000 0000 0000 0000 0000 0000 0000 0000 0000
Round 00 | OUT: 0001 0000 0000 0000 0000 0000 0000 0000 0000 0000 0000 0000 0000 0000 0000 0000
Round 01 | IN:  0000 0000 0000 0000 0000 0000 0000 0000 0001 0000 0000 0000 0000 0000 0000 0000
Round 01 | OUT: 0000 0000 0000 0000 0000 0000 0000 0000 1000 0000 0000 0000 1000 0101 0000 0000
Round 02 | IN:  0000 0000 0000 0000 0000 0000 0000 0001 0000 0000 0000 0000 0000 0000 1000 1100
Round 02 | OUT: 0000 0000 0000 0000 0000 0000 0000 1000 0000 0000 0000 0000 0000 0000 0000 1010
Round 03 | IN:  0000 1000 0000 1000 0000 0000 0000 0000 0000 0000 0000 0010 0000 0000 0000 0000
Round 03 | OUT: 0000 0000 0000 0000 0000 0000 0000 0000 0000 0000 0000 0000 0000 0000 0000 0000

--- 新增 Trail #27 ---
Round 00 | IN:  0000 0000 0000 0000 0000 0000 0000 0000 0000 0000 0000 0000 0000 0000 0000 0000
Round 00 | OUT: 0001 1000 0000 0000 0000 0000 0000 0000 0000 0000 0000 0000 0000 0000 0000 0000
Round 01 | IN:  0000 0000 0000 0000 0000 0000 0000 0000 1001 0000 0000 0000 0000 0000 0000 0000
Round 01 | OUT: 0000 0000 0000 0000 0000 0000 0000 0000 1000 0000 0000 0000 1000 0101 0000 0000
Round 02 | IN:  0000 0000 0000 0000 0000 0000 0000 0001 0000 0000 0000 0000 0000 0000 1000 1100
Round 02 | OUT: 0000 0000 0000 0000 0000 0000 0000 1000 0000 0000 0000 0000 0000 0000 0000 1010
Round 03 | IN:  0000 1000 0000 1000 0000 0000 0000 0000 0000 0000 0000 0010 0000 0000 0000 0000
Round 03 | OUT: 0000 0000 0000 0000 0000 0000 0000 0000 0000 0000 0000 0000 0000 0000 0000 0000

--- 新增 Trail #28 ---
Round 00 | IN:  0000 0000 0000 0000 0000 0000 0000 0000 0000 0000 0000 0000 0000 0000 0000 0000
Round 00 | OUT: 0000 0000 0000 0000 0000 0000 0000 0000 0000 0000 0000 0000 0000 0000 0000 0001
Round 01 | IN:  0000 0000 0000 0000 0000 0000 0000 0000 0000 0000 0000 0000 0000 0000 0000 0001
Round 01 | OUT: 0000 0000 0000 0000 0000 0000 0000 0000 0000 0000 0000 0000 1000 0101 0000 1000
Round 02 | IN:  0000 0000 0000 1000 0000 0000 0000 0001 0000 0000 0000 0000 0000 0000 0000 1100
Round 02 | OUT: 0000 0000 0000 0000 0000 0000 0000 1000 0000 0000 0000 0000 0000 0000 0000 1010
Round 03 | IN:  0000 1000 0000 1000 0000 0000 0000 0000 0000 0000 0000 0010 0000 0000 0000 0000
Round 03 | OUT: 0000 0000 0000 0000 0000 0000 0000 0000 0000 0000 0000 0000 0000 0000 0000 0000

--- 新增 Trail #29 ---
Round 00 | IN:  0000 0000 0000 0000 0000 0000 0000 0000 0000 0000 0000 0000 0000 0000 0000 0000
Round 00 | OUT: 0000 0000 0000 0000 0000 1000 0000 0000 0000 0000 0000 0000 0000 0000 0000 0001
Round 01 | IN:  0000 0000 0000 0000 0000 0000 0000 0000 0000 1000 0000 0000 0000 0000 0000 0001
Round 01 | OUT: 0000 0000 0000 0000 0000 0000 0000 0000 0000 0101 0000 0000 1000 0100 0000 1000
Round 02 | IN:  0000 0000 0000 1000 0000 0000 0001 0000 0000 0000 0000 0000 0000 0000 0100 1100
Round 02 | OUT: 0000 0000 0000 0000 0000 0000 0000 0000 0000 0000 0000 0000 0000 0000 0000 1010
Round 03 | IN:  0000 0000 0000 1000 0000 0000 0000 0000 0000 0000 0000 0010 0000 0000 0000 0000
Round 03 | OUT: 0000 0000 0000 0000 0000 0000 0000 0000 0000 0000 0000 0000 0000 0000 0000 0000

--- 新增 Trail #30 ---
Round 00 | IN:  0000 0000 0000 0000 0000 0000 0000 0000 0000 0000 0000 0000 0000 0000 0000 0000
Round 00 | OUT: 0001 0000 0000 0000 0000 0000 0000 0000 0000 0000 0000 0000 0000 0000 0000 0001
Round 01 | IN:  0000 0000 0000 0000 0000 0000 0000 0000 0001 0000 0000 0000 0000 0000 0000 0001
Round 01 | OUT: 0000 0000 0000 0000 0000 0000 0000 0000 1000 0000 0000 0000 1000 0100 0000 1000
Round 02 | IN:  0000 0000 0000 1000 0000 0000 0000 0000 0000 0000 0000 0000 0000 0000 1000 1100
Round 02 | OUT: 0000 0000 0000 0000 0000 0000 0000 0000 0000 0000 0000 0000 0000 0000 0000 1010
Round 03 | IN:  0000 0000 0000 1000 0000 0000 0000 0000 0000 0000 0000 0010 0000 0000 0000 0000
Round 03 | OUT: 0000 0000 0000 0000 0000 0000 0000 0000 0000 0000 0000 0000 0000 0000 0000 0000

--- 新增 Trail #31 ---
Round 00 | IN:  0000 0000 0000 0000 0000 0000 0000 0000 0000 0000 0000 0000 0000 0000 0000 0000
Round 00 | OUT: 0000 0000 0000 0000 0000 1000 0000 0000 0000 0000 0000 0000 0000 0000 0000 0001
Round 01 | IN:  0000 0000 0000 0000 0000 0000 0000 0000 0000 1000 0000 0000 0000 0000 0000 0001
Round 01 | OUT: 0000 0000 0000 0000 0000 0000 0000 0000 0000 0101 0000 0000 1000 0100 0000 1000
Round 02 | IN:  0000 0000 0000 1000 0000 0000 0001 0000 0000 0000 0000 0000 0000 0000 0100 1100
Round 02 | OUT: 0000 0000 0000 0000 0000 0000 0000 0000 0000 0000 0000 0000 0000 0000 0000 0010
Round 03 | IN:  0000 0000 0000 0000 0000 0000 0000 0000 0000 0000 0000 0010 0000 0000 0000 0000
Round 03 | OUT: 0000 0000 0000 0000 0000 0000 0000 0000 0000 0000 0000 0000 0000 0000 0000 0000

--- 新增 Trail #32 ---
Round 00 | IN:  0000 0000 0000 0000 0000 0000 0000 0000 0000 0000 0000 0000 0000 0000 0000 0000
Round 00 | OUT: 0001 0000 0000 0000 0000 1000 0000 0000 0000 0000 0000 0000 0000 0000 0000 0000
Round 01 | IN:  0000 0000 0000 0000 0000 0000 0000 0000 0001 1000 0000 0000 0000 0000 0000 0000
Round 01 | OUT: 0000 0000 0000 0000 0000 0000 0000 0000 1000 0101 0000 0000 1000 0100 0000 0000
Round 02 | IN:  0000 0000 0000 0000 0000 0000 0001 0000 0000 0000 0000 0000 0000 0000 1100 1100
Round 02 | OUT: 0000 0000 0000 0000 0000 0000 0000 0000 0000 0000 0000 0000 0000 0000 0000 1010
Round 03 | IN:  0000 0000 0000 1000 0000 0000 0000 0000 0000 0000 0000 0010 0000 0000 0000 0000
Round 03 | OUT: 0000 0000 0000 0000 0000 0000 0000 0000 0000 0000 0000 0000 0000 0000 0000 0000

--- 新增 Trail #33 ---
Round 00 | IN:  0000 0000 0000 0000 0000 0000 0000 0000 0000 0000 0000 0000 0000 0000 0000 0000
Round 00 | OUT: 0001 1000 0000 0000 0000 0000 0000 0000 0000 0000 0000 0000 0000 0000 0000 0001
Round 01 | IN:  0000 0000 0000 0000 0000 0000 0000 0000 1001 0000 0000 0000 0000 0000 0000 0001
Round 01 | OUT: 0000 0000 0000 0000 0000 0000 0000 0000 1000 0000 0000 0000 1000 0100 0000 1000
Round 02 | IN:  0000 0000 0000 1000 0000 0000 0000 0000 0000 0000 0000 0000 0000 0000 1000 1100
Round 02 | OUT: 0000 0000 0000 0000 0000 0000 0000 0000 0000 0000 0000 0000 0000 0000 0000 0010
Round 03 | IN:  0000 0000 0000 0000 0000 0000 0000 0000 0000 0000 0000 0010 0000 0000 0000 0000
Round 03 | OUT: 0000 0000 0000 0000 0000 0000 0000 0000 0000 0000 0000 0000 0000 0000 0000 0000

--- 新增 Trail #34 ---
Round 00 | IN:  0000 0000 0000 0000 0000 0000 0000 0000 0000 0000 0000 0000 0000 0000 0000 0000
Round 00 | OUT: 0001 1000 0000 0000 0000 0000 0000 0000 0000 0000 0000 0000 0000 0000 0000 0001
Round 01 | IN:  0000 0000 0000 0000 0000 0000 0000 0000 1001 0000 0000 0000 0000 0000 0000 0001
Round 01 | OUT: 0000 0000 0000 0000 0000 0000 0000 0000 1000 0000 0000 0000 1000 0100 0000 1000
Round 02 | IN:  0000 0000 0000 1000 0000 0000 0000 0000 0000 0000 0000 0000 0000 0000 1000 1100
Round 02 | OUT: 0000 0000 0000 0000 0000 0000 0000 0000 0000 0000 0000 0000 0000 0000 0000 1010
Round 03 | IN:  0000 0000 0000 1000 0000 0000 0000 0000 0000 0000 0000 0010 0000 0000 0000 0000
Round 03 | OUT: 0000 0000 0000 0000 0000 0000 0000 0000 0000 0000 0000 0000 0000 0000 0000 0000

--- 新增 Trail #35 ---
Round 00 | IN:  0000 0000 0000 0000 0000 0000 0000 0000 0000 0000 0000 0000 0000 0000 0000 0000
Round 00 | OUT: 0000 0000 0000 0000 0000 0000 0000 0000 0000 0000 0000 0000 0000 0000 0000 0001
Round 01 | IN:  0000 0000 0000 0000 0000 0000 0000 0000 0000 0000 0000 0000 0000 0000 0000 0001
Round 01 | OUT: 0000 0000 0000 0000 0000 0000 0000 0000 0000 0000 0000 0000 1000 0101 0000 1000
Round 02 | IN:  0000 0000 0000 1000 0000 0000 0000 0001 0000 0000 0000 0000 0000 0000 0000 1100
Round 02 | OUT: 0000 0000 0000 0000 0000 0000 0000 1000 0000 0000 0000 0000 0000 0000 0000 0010
Round 03 | IN:  0000 1000 0000 0000 0000 0000 0000 0000 0000 0000 0000 0010 0000 0000 0000 0000
Round 03 | OUT: 0000 0000 0000 0000 0000 0000 0000 0000 0000 0000 0000 0000 0000 0000 0000 0000

--- 新增 Trail #36 ---
Round 00 | IN:  0000 0000 0000 0000 0000 0000 0000 0000 0000 0000 0000 0000 0000 0000 0000 0000
Round 00 | OUT: 0001 1000 0000 0000 0000 1000 0000 0000 0000 0000 0000 0000 0000 0000 0000 0000
Round 01 | IN:  0000 0000 0000 0000 0000 0000 0000 0000 1001 1000 0000 0000 0000 0000 0000 0000
Round 01 | OUT: 0000 0000 0000 0000 0000 0000 0000 0000 1000 0101 0000 0000 1000 0100 0000 0000
Round 02 | IN:  0000 0000 0000 0000 0000 0000 0001 0000 0000 0000 0000 0000 0000 0000 1100 1100
Round 02 | OUT: 0000 0000 0000 0000 0000 0000 0000 0000 0000 0000 0000 0000 0000 0000 0000 0010
Round 03 | IN:  0000 0000 0000 0000 0000 0000 0000 0000 0000 0000 0000 0010 0000 0000 0000 0000
Round 03 | OUT: 0000 0000 0000 0000 0000 0000 0000 0000 0000 0000 0000 0000 0000 0000 0000 0000

--- 新增 Trail #37 ---
Round 00 | IN:  0000 0000 0000 0000 0000 0000 0000 0000 0000 0000 0000 0000 0000 0000 0000 0000
Round 00 | OUT: 0001 1000 0000 0000 0000 1000 0000 0000 0000 0000 0000 0000 0000 0000 0000 0000
Round 01 | IN:  0000 0000 0000 0000 0000 0000 0000 0000 1001 1000 0000 0000 0000 0000 0000 0000
Round 01 | OUT: 0000 0000 0000 0000 0000 0000 0000 0000 1000 0101 0000 0000 1000 0100 0000 0000
Round 02 | IN:  0000 0000 0000 0000 0000 0000 0001 0000 0000 0000 0000 0000 0000 0000 1100 1100
Round 02 | OUT: 0000 0000 0000 0000 0000 0000 0000 0000 0000 0000 0000 0000 0000 0000 0000 1010
Round 03 | IN:  0000 0000 0000 1000 0000 0000 0000 0000 0000 0000 0000 0010 0000 0000 0000 0000
Round 03 | OUT: 0000 0000 0000 0000 0000 0000 0000 0000 0000 0000 0000 0000 0000 0000 0000 0000

在本层级共发现 37 个全新的 quasi-trail。

