==============================
MIN_CORR 层级: 45
==============================

--- 新增 Trail #1 ---
Round 00 | IN:  0000 0000 0000 0000 0000 0000 0000 0000 0000 0000 0000 0000 0000 0000 0000 0000
Round 00 | OUT: 0100 0000 0000 0000 0000 0000 0000 1000 0000 0000 0000 0000 0000 0000 0000 1000
Round 01 | IN:  0100 1000 0000 1000 0000 0000 0000 0000 0000 0000 0000 0000 0000 0000 0000 0000
Round 01 | OUT: 1110 0101 0000 1101 0000 0000 0000 0000 0000 0000 0000 0000 0000 0000 0000 0000
Round 02 | IN:  1100 0000 0000 0000 0111 0000 0000 0000 0000 0000 0000 0000 1101 0000 0000 0000
Round 02 | OUT: 0001 0000 0000 0000 1100 0000 0000 0000 0000 0000 0000 0000 0001 0000 0000 0000
Round 03 | IN:  0000 0100 0000 0000 0000 0000 0000 0000 0001 0000 0000 0001 0000 1000 0000 0000
Round 03 | OUT: 0000 0000 0000 0000 0000 0000 0000 0000 0000 0000 0000 0000 0000 0000 0000 0000

--- 新增 Trail #2 ---
Round 00 | IN:  0000 0000 0000 0000 0000 0000 0000 0000 0000 0000 0000 0000 0000 0000 0000 0000
Round 00 | OUT: 0001 0000 0000 0000 0000 0000 0000 1000 0000 0000 0000 0000 0000 0000 0000 1000
Round 01 | IN:  0000 1000 0000 1000 0000 0000 0000 0000 0001 0000 0000 0000 0000 0000 0000 0000
Round 01 | OUT: 0000 0101 0000 0101 0000 0000 0000 0000 1000 0000 0000 0000 0000 0000 0000 0000
Round 02 | IN:  0000 0000 0000 0000 0101 0000 0000 0000 0000 0000 0000 0000 0101 0000 1000 0000
Round 02 | OUT: 0000 0000 0000 0000 1001 0000 0000 0000 0000 0000 0000 0000 0101 0000 0000 0000
Round 03 | IN:  0000 0000 0000 0100 0000 0000 0000 0000 0000 0001 0000 0001 0000 1000 0000 0000
Round 03 | OUT: 0000 0000 0000 0000 0000 0000 0000 0000 0000 0000 0000 0000 0000 0000 0000 0000

--- 新增 Trail #3 ---
Round 00 | IN:  0000 0000 0000 0000 0000 0000 0000 0000 0000 0000 0000 0000 0000 0000 0000 0000
Round 00 | OUT: 0100 0000 0000 0000 0000 0000 0000 1000 0000 0000 0000 0000 0000 0000 0000 1000
Round 01 | IN:  0100 1000 0000 1000 0000 0000 0000 0000 0000 0000 0000 0000 0000 0000 0000 0000
Round 01 | OUT: 1110 0111 0000 1101 0000 0000 0000 0000 0000 0000 0000 0000 0000 0000 0000 0000
Round 02 | IN:  1110 0000 0000 0000 0111 0000 0000 0000 0000 0000 0000 0000 1101 0000 0000 0000
Round 02 | OUT: 0001 0000 0000 0000 1100 0000 0000 0000 0000 0000 0000 0000 0001 0000 0000 0000
Round 03 | IN:  0000 0100 0000 0000 0000 0000 0000 0000 0001 0000 0000 0001 0000 1000 0000 0000
Round 03 | OUT: 0000 0000 0000 0000 0000 0000 0000 0000 0000 0000 0000 0000 0000 0000 0000 0000

--- 新增 Trail #4 ---
Round 00 | IN:  0000 0000 0000 0000 0000 0000 0000 0000 0000 0000 0000 0000 0000 0000 0000 0000
Round 00 | OUT: 0100 0000 0000 0000 0000 0000 0000 0000 0000 0000 0000 0000 0000 0000 0000 1000
Round 01 | IN:  0100 0000 0000 1000 0000 0000 0000 0000 0000 0000 0000 0000 0000 0000 0000 0000
Round 01 | OUT: 1110 0000 0000 1101 0000 0000 0000 0000 0000 0000 0000 0000 0000 0000 0000 0000
Round 02 | IN:  1100 0000 0000 0000 0110 0000 0000 0000 0000 0000 0000 0000 1001 0000 0000 0000
Round 02 | OUT: 0001 0000 0000 0000 0100 0000 0000 0000 0000 0000 0000 0000 0101 0000 0000 0000
Round 03 | IN:  0000 0100 0000 0100 0000 0000 0000 0000 0001 0000 0000 0001 0000 0000 0000 0000
Round 03 | OUT: 0000 0000 0000 0000 0000 0000 0000 0000 0000 0000 0000 0000 0000 0000 0000 0000

--- 新增 Trail #5 ---
Round 00 | IN:  0000 0000 0000 0000 0000 0000 0000 0000 0000 0000 0000 0000 0000 0000 0000 0000
Round 00 | OUT: 0010 0000 0000 0000 0000 0000 0000 0100 0000 0000 0000 0000 0000 0000 0000 0000
Round 01 | IN:  0000 0000 0000 0000 0010 0100 0000 0000 0000 0000 0000 0000 0000 0000 0000 0000
Round 01 | OUT: 0000 0000 0000 0000 1000 0110 0000 0000 0000 0000 0000 0000 0000 0000 0000 0000
Round 02 | IN:  0000 0010 0000 0000 0000 0000 0000 0000 0000 0000 0000 0000 0000 1100 0000 0000
Round 02 | OUT: 0000 1000 0000 0000 0000 0000 0000 0000 0000 0000 0000 0000 0000 0010 0000 0000
Round 03 | IN:  0000 0000 0000 0010 0000 0000 0000 0000 1000 0000 0000 0000 0000 0000 0000 0000
Round 03 | OUT: 0000 0000 0000 0000 0000 0000 0000 0000 0000 0000 0000 0000 0000 0000 0000 0000

--- 新增 Trail #6 ---
Round 00 | IN:  0000 0000 0000 0000 0000 0000 0000 0000 0000 0000 0000 0000 0000 0000 0000 0000
Round 00 | OUT: 0100 0000 0000 0000 0000 0000 0000 0000 0000 0000 0000 0000 0000 0000 0000 1000
Round 01 | IN:  0100 0000 0000 1000 0000 0000 0000 0000 0000 0000 0000 0000 0000 0000 0000 0000
Round 01 | OUT: 0110 0000 0000 1101 0000 0000 0000 0000 0000 0000 0000 0000 0000 0000 0000 0000
Round 02 | IN:  1100 0000 0000 0000 0110 0000 0000 0000 0000 0000 0000 0000 0001 0000 0000 0000
Round 02 | OUT: 0001 0000 0000 0000 0100 0000 0000 0000 0000 0000 0000 0000 0101 0000 0000 0000
Round 03 | IN:  0000 0100 0000 0100 0000 0000 0000 0000 0001 0000 0000 0001 0000 0000 0000 0000
Round 03 | OUT: 0000 0000 0000 0000 0000 0000 0000 0000 0000 0000 0000 0000 0000 0000 0000 0000

--- 新增 Trail #7 ---
Round 00 | IN:  0000 0000 0000 0000 0000 0000 0000 0000 0000 0000 0000 0000 0000 0000 0000 0000
Round 00 | OUT: 0000 0000 0000 0000 0000 0000 0000 1000 0000 0000 0000 0000 0000 0000 0000 1000
Round 01 | IN:  0000 1000 0000 1000 0000 0000 0000 0000 0000 0000 0000 0000 0000 0000 0000 0000
Round 01 | OUT: 0000 0101 0000 0101 0000 0000 0000 0000 0000 0000 0000 0000 0000 0000 0000 0000
Round 02 | IN:  0000 0000 0000 0000 0101 0000 0000 0000 0000 0000 0000 0000 0101 0000 0000 0000
Round 02 | OUT: 0000 0000 0000 0000 1100 0000 0000 0000 0000 0000 0000 0000 0101 0000 0000 0000
Round 03 | IN:  0000 0100 0000 0100 0000 0000 0000 0000 0000 0000 0000 0001 0000 1000 0000 0000
Round 03 | OUT: 0000 0000 0000 0000 0000 0000 0000 0000 0000 0000 0000 0000 0000 0000 0000 0000

--- 新增 Trail #8 ---
Round 00 | IN:  0000 0000 0000 0000 0000 0000 0000 0000 0000 0000 0000 0000 0000 0000 0000 0000
Round 00 | OUT: 0000 0000 0000 0000 0000 0000 0000 1000 0000 0000 0000 0000 0000 0000 0000 1000
Round 01 | IN:  0000 1000 0000 1000 0000 0000 0000 0000 0000 0000 0000 0000 0000 0000 0000 0000
Round 01 | OUT: 0000 0101 0000 0101 0000 0000 0000 0000 0000 0000 0000 0000 0000 0000 0000 0000
Round 02 | IN:  0000 0000 0000 0000 0101 0000 0000 0000 0000 0000 0000 0000 0101 0000 0000 0000
Round 02 | OUT: 0000 0000 0000 0000 0100 0000 0000 0000 0000 0000 0000 0000 0101 0000 0000 0000
Round 03 | IN:  0000 0100 0000 0100 0000 0000 0000 0000 0000 0000 0000 0001 0000 0000 0000 0000
Round 03 | OUT: 0000 0000 0000 0000 0000 0000 0000 0000 0000 0000 0000 0000 0000 0000 0000 0000

--- 新增 Trail #9 ---
Round 00 | IN:  0000 0000 0000 0000 0000 0000 0000 0000 0000 0000 0000 0000 0000 0000 0000 0000
Round 00 | OUT: 0010 0000 0000 0000 0000 0000 0000 0100 0000 0000 0000 0000 0000 0000 0000 0000
Round 01 | IN:  0000 0000 0000 0000 0010 0100 0000 0000 0000 0000 0000 0000 0000 0000 0000 0000
Round 01 | OUT: 0000 0000 0000 0000 1100 0110 0000 0000 0000 0000 0000 0000 0000 0000 0000 0000
Round 02 | IN:  0000 0110 0000 0000 0000 0000 0000 0000 0000 0000 0000 0000 0000 1100 0000 0000
Round 02 | OUT: 0000 1000 0000 0000 0000 0000 0000 0000 0000 0000 0000 0000 0000 0010 0000 0000
Round 03 | IN:  0000 0000 0000 0010 0000 0000 0000 0000 1000 0000 0000 0000 0000 0000 0000 0000
Round 03 | OUT: 0000 0000 0000 0000 0000 0000 0000 0000 0000 0000 0000 0000 0000 0000 0000 0000

--- 新增 Trail #10 ---
Round 00 | IN:  0000 0000 0000 0000 0000 0000 0000 0000 0000 0000 0000 0000 0000 0000 0000 0000
Round 00 | OUT: 0000 0000 0000 0000 0000 1000 0000 1000 0000 0000 0000 0000 0000 0000 0000 1000
Round 01 | IN:  0000 1000 0000 1000 0000 0000 0000 0000 0000 1000 0000 0000 0000 0000 0000 0000
Round 01 | OUT: 0000 0101 0000 0101 0000 0000 0000 0000 0000 0101 0000 0000 0000 0000 0000 0000
Round 02 | IN:  0000 0000 0000 0000 0101 0000 0001 0000 0000 0000 0000 0000 0101 0000 0100 0000
Round 02 | OUT: 0000 0000 0000 0000 1001 0000 0000 0000 0000 0000 0000 0000 0101 0000 0000 0000
Round 03 | IN:  0000 0000 0000 0100 0000 0000 0000 0000 0000 0001 0000 0001 0000 1000 0000 0000
Round 03 | OUT: 0000 0000 0000 0000 0000 0000 0000 0000 0000 0000 0000 0000 0000 0000 0000 0000

--- 新增 Trail #11 ---
Round 00 | IN:  0000 0000 0000 0000 0000 0000 0000 0000 0000 0000 0000 0000 0000 0000 0000 0000
Round 00 | OUT: 0100 0000 0000 0000 0000 0000 0000 0000 0000 0000 0000 0000 0000 0000 0000 1000
Round 01 | IN:  0100 0000 0000 1000 0000 0000 0000 0000 0000 0000 0000 0000 0000 0000 0000 0000
Round 01 | OUT: 0110 0000 0000 1101 0000 0000 0000 0000 0000 0000 0000 0000 0000 0000 0000 0000
Round 02 | IN:  1100 0000 0000 0000 0110 0000 0000 0000 0000 0000 0000 0000 0001 0000 0000 0000
Round 02 | OUT: 0001 0000 0000 0000 0100 0000 0000 0000 0000 0000 0000 0000 0100 0000 0000 0000
Round 03 | IN:  0000 0100 0000 0100 0000 0000 0000 0000 0001 0000 0000 0000 0000 0000 0000 0000
Round 03 | OUT: 0000 0000 0000 0000 0000 0000 0000 0000 0000 0000 0000 0000 0000 0000 0000 0000

--- 新增 Trail #12 ---
Round 00 | IN:  0000 0000 0000 0000 0000 0000 0000 0000 0000 0000 0000 0000 0000 0000 0000 0000
Round 00 | OUT: 0000 0000 0000 0000 0000 0000 0000 1000 0000 0000 0000 0000 0000 0000 0000 1000
Round 01 | IN:  0000 1000 0000 1000 0000 0000 0000 0000 0000 0000 0000 0000 0000 0000 0000 0000
Round 01 | OUT: 0000 0101 0000 0101 0000 0000 0000 0000 0000 0000 0000 0000 0000 0000 0000 0000
Round 02 | IN:  0000 0000 0000 0000 0101 0000 0000 0000 0000 0000 0000 0000 0101 0000 0000 0000
Round 02 | OUT: 0000 0000 0000 0000 1100 0000 0000 0000 0000 0000 0000 0000 0100 0000 0000 0000
Round 03 | IN:  0000 0100 0000 0100 0000 0000 0000 0000 0000 0000 0000 0000 0000 1000 0000 0000
Round 03 | OUT: 0000 0000 0000 0000 0000 0000 0000 0000 0000 0000 0000 0000 0000 0000 0000 0000

--- 新增 Trail #13 ---
Round 00 | IN:  0000 0000 0000 0000 0000 0000 0000 0000 0000 0000 0000 0000 0000 0000 0000 0000
Round 00 | OUT: 0000 0000 0000 0000 0000 0000 0000 1000 0000 0000 0000 0000 0000 0000 0000 1000
Round 01 | IN:  0000 1000 0000 1000 0000 0000 0000 0000 0000 0000 0000 0000 0000 0000 0000 0000
Round 01 | OUT: 0000 0101 0000 0101 0000 0000 0000 0000 0000 0000 0000 0000 0000 0000 0000 0000
Round 02 | IN:  0000 0000 0000 0000 0101 0000 0000 0000 0000 0000 0000 0000 0101 0000 0000 0000
Round 02 | OUT: 0000 0000 0000 0000 1101 0000 0000 0000 0000 0000 0000 0000 0101 0000 0000 0000
Round 03 | IN:  0000 0100 0000 0100 0000 0000 0000 0000 0000 0001 0000 0001 0000 1000 0000 0000
Round 03 | OUT: 0000 0000 0000 0000 0000 0000 0000 0000 0000 0000 0000 0000 0000 0000 0000 0000

--- 新增 Trail #14 ---
Round 00 | IN:  0000 0000 0000 0000 0000 0000 0000 0000 0000 0000 0000 0000 0000 0000 0000 0000
Round 00 | OUT: 0000 0000 0000 0000 0000 0000 0000 1000 0000 0000 0000 0000 0000 0000 0000 1000
Round 01 | IN:  0000 1000 0000 1000 0000 0000 0000 0000 0000 0000 0000 0000 0000 0000 0000 0000
Round 01 | OUT: 0000 0101 0000 0101 0000 0000 0000 0000 0000 0000 0000 0000 0000 0000 0000 0000
Round 02 | IN:  0000 0000 0000 0000 0101 0000 0000 0000 0000 0000 0000 0000 0101 0000 0000 0000
Round 02 | OUT: 0000 0000 0000 0000 0100 0000 0000 0000 0000 0000 0000 0000 0100 0000 0000 0000
Round 03 | IN:  0000 0100 0000 0100 0000 0000 0000 0000 0000 0000 0000 0000 0000 0000 0000 0000
Round 03 | OUT: 0000 0000 0000 0000 0000 0000 0000 0000 0000 0000 0000 0000 0000 0000 0000 0000

--- 新增 Trail #15 ---
Round 00 | IN:  0000 0000 0000 0000 0000 0000 0000 0000 0000 0000 0000 0000 0000 0000 0000 0000
Round 00 | OUT: 0000 0000 0000 0000 0000 0000 0000 1000 0000 0000 0000 0000 0000 0000 0000 1000
Round 01 | IN:  0000 1000 0000 1000 0000 0000 0000 0000 0000 0000 0000 0000 0000 0000 0000 0000
Round 01 | OUT: 0000 0101 0000 0101 0000 0000 0000 0000 0000 0000 0000 0000 0000 0000 0000 0000
Round 02 | IN:  0000 0000 0000 0000 0101 0000 0000 0000 0000 0000 0000 0000 0101 0000 0000 0000
Round 02 | OUT: 0000 0000 0000 0000 0101 0000 0000 0000 0000 0000 0000 0000 0101 0000 0000 0000
Round 03 | IN:  0000 0100 0000 0100 0000 0000 0000 0000 0000 0001 0000 0001 0000 0000 0000 0000
Round 03 | OUT: 0000 0000 0000 0000 0000 0000 0000 0000 0000 0000 0000 0000 0000 0000 0000 0000

--- 新增 Trail #16 ---
Round 00 | IN:  0000 0000 0000 0000 0000 0000 0000 0000 0000 0000 0000 0000 0000 0000 0000 0000
Round 00 | OUT: 0000 0000 0000 0000 0000 0000 0000 1000 0000 0000 0000 0000 0000 0000 0000 1001
Round 01 | IN:  0000 1000 0000 1000 0000 0000 0000 0000 0000 0000 0000 0000 0000 0000 0000 0001
Round 01 | OUT: 0000 0101 0000 0101 0000 0000 0000 0000 0000 0000 0000 0000 0000 0000 0000 1000
Round 02 | IN:  0000 0000 0000 1000 0101 0000 0000 0000 0000 0000 0000 0000 0101 0000 0000 0000
Round 02 | OUT: 0000 0000 0000 0000 1001 0000 0000 0000 0000 0000 0000 0000 0101 0000 0000 0000
Round 03 | IN:  0000 0000 0000 0100 0000 0000 0000 0000 0000 0001 0000 0001 0000 1000 0000 0000
Round 03 | OUT: 0000 0000 0000 0000 0000 0000 0000 0000 0000 0000 0000 0000 0000 0000 0000 0000

--- 新增 Trail #17 ---
Round 00 | IN:  0000 0000 0000 0000 0000 0000 0000 0000 0000 0000 0000 0000 0000 0000 0000 0000
Round 00 | OUT: 0000 0000 0000 0000 0000 0000 0000 1000 0000 0000 0000 0000 0000 0000 0000 1000
Round 01 | IN:  0000 1000 0000 1000 0000 0000 0000 0000 0000 0000 0000 0000 0000 0000 0000 0000
Round 01 | OUT: 0000 0101 0000 0101 0000 0000 0000 0000 0000 0000 0000 0000 0000 0001 0000 0000
Round 02 | IN:  0000 0000 0000 0000 0101 0000 0000 0001 0000 0000 0000 0000 0101 0000 0000 0000
Round 02 | OUT: 0000 0000 0000 0000 1001 0000 0000 1000 0000 0000 0000 0000 0101 0000 0000 0000
Round 03 | IN:  0000 1000 0000 0100 0000 0000 0000 0000 0000 0001 0000 0001 0000 1000 0000 0000
Round 03 | OUT: 0000 0000 0000 0000 0000 0000 0000 0000 0000 0000 0000 0000 0000 0000 0000 0000

--- 新增 Trail #18 ---
Round 00 | IN:  0000 0000 0000 0000 0000 0000 0000 0000 0000 0000 0000 0000 0000 0000 0000 0000
Round 00 | OUT: 0000 0000 0000 0000 0000 0000 0000 1000 0000 0000 0000 0000 0000 0000 0000 1000
Round 01 | IN:  0000 1000 0000 1000 0000 0000 0000 0000 0000 0000 0000 0000 0000 0000 0000 0000
Round 01 | OUT: 0000 0101 0000 0101 0000 0000 0000 0000 0000 0000 0000 0000 0000 0001 0000 0000
Round 02 | IN:  0000 0000 0000 0000 0101 0000 0000 0001 0000 0000 0000 0000 0101 0000 0000 0000
Round 02 | OUT: 0000 0000 0000 0000 1001 0000 0000 1000 0000 0000 0000 0000 0100 0000 0000 0000
Round 03 | IN:  0000 1000 0000 0100 0000 0000 0000 0000 0000 0001 0000 0000 0000 1000 0000 0000
Round 03 | OUT: 0000 0000 0000 0000 0000 0000 0000 0000 0000 0000 0000 0000 0000 0000 0000 0000

--- 新增 Trail #19 ---
Round 00 | IN:  0000 0000 0000 0000 0000 0000 0000 0000 0000 0000 0000 0000 0000 0000 0000 0000
Round 00 | OUT: 0001 0000 0000 0000 0000 1000 0000 0000 0000 0000 0000 0000 0000 0000 0000 0001
Round 01 | IN:  0000 0000 0000 0000 0000 0000 0000 0000 0001 1000 0000 0000 0000 0000 0000 0001
Round 01 | OUT: 0000 0000 0000 0000 0000 0000 0000 0000 1000 0101 0000 0000 0000 0001 0000 0101
Round 02 | IN:  0000 0000 0000 0000 0000 0000 0001 0101 0000 0000 0000 0000 0000 0000 1100 0001
Round 02 | OUT: 0000 0000 0000 0000 0000 0000 0000 1001 0000 0000 0000 0000 0000 0000 0000 1000
Round 03 | IN:  0000 1000 0000 1000 0000 0000 0000 0000 0000 0000 0000 0000 0000 0001 0000 0000
Round 03 | OUT: 0000 0000 0000 0000 0000 0000 0000 0000 0000 0000 0000 0000 0000 0000 0000 0000

--- 新增 Trail #20 ---
Round 00 | IN:  0000 0000 0000 0000 0000 0000 0000 0000 0000 0000 0000 0000 0000 0000 0000 0000
Round 00 | OUT: 0100 0000 0000 0000 0000 0000 0000 0000 0000 0000 0000 0000 0000 0000 0000 1000
Round 01 | IN:  0100 0000 0000 1000 0000 0000 0000 0000 0000 0000 0000 0000 0000 0000 0000 0000
Round 01 | OUT: 1110 0000 0000 1101 0000 0000 0000 0000 0000 0000 0000 0000 0000 0000 0000 0000
Round 02 | IN:  1100 0000 0000 0000 0110 0000 0000 0000 0000 0000 0000 0000 1001 0000 0000 0000
Round 02 | OUT: 0001 0000 0000 0000 0100 0000 0000 0000 0000 0000 0000 0000 0100 0000 0000 0000
Round 03 | IN:  0000 0100 0000 0100 0000 0000 0000 0000 0001 0000 0000 0000 0000 0000 0000 0000
Round 03 | OUT: 0000 0000 0000 0000 0000 0000 0000 0000 0000 0000 0000 0000 0000 0000 0000 0000

--- 新增 Trail #21 ---
Round 00 | IN:  0000 0000 0000 0000 0000 0000 0000 0000 0000 0000 0000 0000 0000 0000 0000 0000
Round 00 | OUT: 0001 0000 0000 0000 0000 0000 0000 1000 0000 0000 0000 0000 0000 0000 0000 1000
Round 01 | IN:  0000 1000 0000 1000 0000 0000 0000 0000 0001 0000 0000 0000 0000 0000 0000 0000
Round 01 | OUT: 0000 0101 0000 0101 0000 0000 0000 0000 1000 0000 0000 0000 0000 0000 0000 0000
Round 02 | IN:  0000 0000 0000 0000 0101 0000 0000 0000 0000 0000 0000 0000 0101 0000 1000 0000
Round 02 | OUT: 0000 0000 0000 0000 1001 0000 0000 0000 0000 0000 0000 0000 0100 0000 0000 0000
Round 03 | IN:  0000 0000 0000 0100 0000 0000 0000 0000 0000 0001 0000 0000 0000 1000 0000 0000
Round 03 | OUT: 0000 0000 0000 0000 0000 0000 0000 0000 0000 0000 0000 0000 0000 0000 0000 0000

--- 新增 Trail #22 ---
Round 00 | IN:  0000 0000 0000 0000 0000 0000 0000 0000 0000 0000 0000 0000 0000 0000 0000 0000
Round 00 | OUT: 0001 1000 0000 0000 0000 0000 0000 1000 0000 0000 0000 0000 0000 0000 0000 1000
Round 01 | IN:  0000 1000 0000 1000 0000 0000 0000 0000 1001 0000 0000 0000 0000 0000 0000 0000
Round 01 | OUT: 0000 0101 0000 0101 0000 0000 0000 0000 1000 0000 0000 0000 0000 0000 0000 0000
Round 02 | IN:  0000 0000 0000 0000 0101 0000 0000 0000 0000 0000 0000 0000 0101 0000 1000 0000
Round 02 | OUT: 0000 0000 0000 0000 1001 0000 0000 0000 0000 0000 0000 0000 0100 0000 0000 0000
Round 03 | IN:  0000 0000 0000 0100 0000 0000 0000 0000 0000 0001 0000 0000 0000 1000 0000 0000
Round 03 | OUT: 0000 0000 0000 0000 0000 0000 0000 0000 0000 0000 0000 0000 0000 0000 0000 0000

--- 新增 Trail #23 ---
Round 00 | IN:  0000 0000 0000 0000 0000 0000 0000 0000 0000 0000 0000 0000 0000 0000 0000 0000
Round 00 | OUT: 0000 0000 0000 0000 0000 0000 0000 1000 0000 0000 0000 0000 0000 0000 0000 1000
Round 01 | IN:  0000 1000 0000 1000 0000 0000 0000 0000 0000 0000 0000 0000 0000 0000 0000 0000
Round 01 | OUT: 0000 0101 0000 0101 0000 0000 0000 0000 0000 0000 0000 0000 0000 0000 0000 0000
Round 02 | IN:  0000 0000 0000 0000 0101 0000 0000 0000 0000 0000 0000 0000 0101 0000 0000 0000
Round 02 | OUT: 0000 0000 0000 0000 1101 0000 0000 0000 0000 0000 0000 0000 0100 0000 0000 0000
Round 03 | IN:  0000 0100 0000 0100 0000 0000 0000 0000 0000 0001 0000 0000 0000 1000 0000 0000
Round 03 | OUT: 0000 0000 0000 0000 0000 0000 0000 0000 0000 0000 0000 0000 0000 0000 0000 0000

--- 新增 Trail #24 ---
Round 00 | IN:  0000 0000 0000 0000 0000 0000 0000 0000 0000 0000 0000 0000 0000 0000 0000 0000
Round 00 | OUT: 0000 0000 0000 0000 0000 0000 0000 1000 0000 0000 0000 0000 0000 0000 0000 1000
Round 01 | IN:  0000 1000 0000 1000 0000 0000 0000 0000 0000 0000 0000 0000 0000 0000 0000 0000
Round 01 | OUT: 0000 0101 0000 0101 0000 0000 0000 0000 0000 0000 0000 0000 0000 0000 0000 0000
Round 02 | IN:  0000 0000 0000 0000 0101 0000 0000 0000 0000 0000 0000 0000 0101 0000 0000 0000
Round 02 | OUT: 0000 0000 0000 0000 0101 0000 0000 0000 0000 0000 0000 0000 0100 0000 0000 0000
Round 03 | IN:  0000 0100 0000 0100 0000 0000 0000 0000 0000 0001 0000 0000 0000 0000 0000 0000
Round 03 | OUT: 0000 0000 0000 0000 0000 0000 0000 0000 0000 0000 0000 0000 0000 0000 0000 0000

--- 新增 Trail #25 ---
Round 00 | IN:  0000 0000 0000 0000 0000 0000 0000 0000 0000 0000 0000 0000 0000 0000 0000 0000
Round 00 | OUT: 0001 0000 0000 0000 0000 1000 0000 0000 0000 0000 0000 0000 0000 0000 0000 0001
Round 01 | IN:  0000 0000 0000 0000 0000 0000 0000 0000 0001 1000 0000 0000 0000 0000 0000 0001
Round 01 | OUT: 0000 0000 0000 0000 0000 0000 0000 0000 1000 0101 0000 0000 1000 0001 0000 1101
Round 02 | IN:  0000 0000 0000 1000 0000 0000 0001 0101 0000 0000 0000 0000 0000 0000 1100 1001
Round 02 | OUT: 0000 0000 0000 0000 0000 0000 0000 1001 0000 0000 0000 0000 0000 0000 0000 1000
Round 03 | IN:  0000 1000 0000 1000 0000 0000 0000 0000 0000 0000 0000 0000 0000 0001 0000 0000
Round 03 | OUT: 0000 0000 0000 0000 0000 0000 0000 0000 0000 0000 0000 0000 0000 0000 0000 0000

--- 新增 Trail #26 ---
Round 00 | IN:  0000 0000 0000 0000 0000 0000 0000 0000 0000 0000 0000 0000 0000 0000 0000 0000
Round 00 | OUT: 0000 0000 0000 0000 0000 1000 0000 1000 0000 0000 0000 0000 0000 0000 0000 1000
Round 01 | IN:  0000 1000 0000 1000 0000 0000 0000 0000 0000 1000 0000 0000 0000 0000 0000 0000
Round 01 | OUT: 0000 0101 0000 0101 0000 0000 0000 0000 0000 0101 0000 0000 0000 0000 0000 0000
Round 02 | IN:  0000 0000 0000 0000 0101 0000 0001 0000 0000 0000 0000 0000 0101 0000 0100 0000
Round 02 | OUT: 0000 0000 0000 0000 1001 0000 0000 0000 0000 0000 0000 0000 0100 0000 0000 0000
Round 03 | IN:  0000 0000 0000 0100 0000 0000 0000 0000 0000 0001 0000 0000 0000 1000 0000 0000
Round 03 | OUT: 0000 0000 0000 0000 0000 0000 0000 0000 0000 0000 0000 0000 0000 0000 0000 0000

--- 新增 Trail #27 ---
Round 00 | IN:  0000 0000 0000 0000 0000 0000 0000 0000 0000 0000 0000 0000 0000 0000 0000 0000
Round 00 | OUT: 0001 1000 0000 0000 0000 1000 0000 0000 0000 0000 0000 0000 0000 0000 0000 0001
Round 01 | IN:  0000 0000 0000 0000 0000 0000 0000 0000 1001 1000 0000 0000 0000 0000 0000 0001
Round 01 | OUT: 0000 0000 0000 0000 0000 0000 0000 0000 1000 0101 0000 0000 0000 0001 0000 0101
Round 02 | IN:  0000 0000 0000 0000 0000 0000 0001 0101 0000 0000 0000 0000 0000 0000 1100 0001
Round 02 | OUT: 0000 0000 0000 0000 0000 0000 0000 1001 0000 0000 0000 0000 0000 0000 0000 1000
Round 03 | IN:  0000 1000 0000 1000 0000 0000 0000 0000 0000 0000 0000 0000 0000 0001 0000 0000
Round 03 | OUT: 0000 0000 0000 0000 0000 0000 0000 0000 0000 0000 0000 0000 0000 0000 0000 0000

--- 新增 Trail #28 ---
Round 00 | IN:  0000 0000 0000 0000 0000 0000 0000 0000 0000 0000 0000 0000 0000 0000 0000 0000
Round 00 | OUT: 0001 0000 0000 0000 0000 1000 0000 0000 0000 0000 0000 0000 0000 0000 0000 0001
Round 01 | IN:  0000 0000 0000 0000 0000 0000 0000 0000 0001 1000 0000 0000 0000 0000 0000 0001
Round 01 | OUT: 0000 0000 0000 0000 0000 0000 0000 0000 1000 0101 0000 0000 1000 0001 0000 0101
Round 02 | IN:  0000 0000 0000 0000 0000 0000 0001 0101 0000 0000 0000 0000 0000 0000 1100 1001
Round 02 | OUT: 0000 0000 0000 0000 0000 0000 0000 1001 0000 0000 0000 0000 0000 0000 0000 1000
Round 03 | IN:  0000 1000 0000 1000 0000 0000 0000 0000 0000 0000 0000 0000 0000 0001 0000 0000
Round 03 | OUT: 0000 0000 0000 0000 0000 0000 0000 0000 0000 0000 0000 0000 0000 0000 0000 0000

--- 新增 Trail #29 ---
Round 00 | IN:  0000 0000 0000 0000 0000 0000 0000 0000 0000 0000 0000 0000 0000 0000 0000 0000
Round 00 | OUT: 0001 1000 0000 0000 0000 0000 0000 1000 0000 0000 0000 0000 0000 0000 0000 1000
Round 01 | IN:  0000 1000 0000 1000 0000 0000 0000 0000 1001 0000 0000 0000 0000 0000 0000 0000
Round 01 | OUT: 0000 0101 0000 0101 0000 0000 0000 0000 1000 0000 0000 0000 0000 0000 0000 0000
Round 02 | IN:  0000 0000 0000 0000 0101 0000 0000 0000 0000 0000 0000 0000 0101 0000 1000 0000
Round 02 | OUT: 0000 0000 0000 0000 1001 0000 0000 0000 0000 0000 0000 0000 0101 0000 0000 0000
Round 03 | IN:  0000 0000 0000 0100 0000 0000 0000 0000 0000 0001 0000 0001 0000 1000 0000 0000
Round 03 | OUT: 0000 0000 0000 0000 0000 0000 0000 0000 0000 0000 0000 0000 0000 0000 0000 0000

--- 新增 Trail #30 ---
Round 00 | IN:  0000 0000 0000 0000 0000 0000 0000 0000 0000 0000 0000 0000 0000 0000 0000 0000
Round 00 | OUT: 0000 0000 0000 0000 0000 0000 0000 1000 0000 0000 0000 0000 0000 0000 0000 1001
Round 01 | IN:  0000 1000 0000 1000 0000 0000 0000 0000 0000 0000 0000 0000 0000 0000 0000 0001
Round 01 | OUT: 0000 0101 0000 0101 0000 0000 0000 0000 0000 0000 0000 0000 0000 0000 0000 1000
Round 02 | IN:  0000 0000 0000 1000 0101 0000 0000 0000 0000 0000 0000 0000 0101 0000 0000 0000
Round 02 | OUT: 0000 0000 0000 0000 1001 0000 0000 0000 0000 0000 0000 0000 0100 0000 0000 0000
Round 03 | IN:  0000 0000 0000 0100 0000 0000 0000 0000 0000 0001 0000 0000 0000 1000 0000 0000
Round 03 | OUT: 0000 0000 0000 0000 0000 0000 0000 0000 0000 0000 0000 0000 0000 0000 0000 0000

--- 新增 Trail #31 ---
Round 00 | IN:  0000 0000 0000 0000 0000 0000 0000 0000 0000 0000 0000 0000 0000 0000 0000 0000
Round 00 | OUT: 0001 0000 0000 0000 0000 1000 0000 0000 0000 0000 0000 0000 0000 0000 0000 0001
Round 01 | IN:  0000 0000 0000 0000 0000 0000 0000 0000 0001 1000 0000 0000 0000 0000 0000 0001
Round 01 | OUT: 0000 0000 0000 0000 0000 0000 0000 0000 1000 0101 0000 0000 0000 0001 0000 1101
Round 02 | IN:  0000 0000 0000 1000 0000 0000 0001 0101 0000 0000 0000 0000 0000 0000 1100 0001
Round 02 | OUT: 0000 0000 0000 0000 0000 0000 0000 1001 0000 0000 0000 0000 0000 0000 0000 1000
Round 03 | IN:  0000 1000 0000 1000 0000 0000 0000 0000 0000 0000 0000 0000 0000 0001 0000 0000
Round 03 | OUT: 0000 0000 0000 0000 0000 0000 0000 0000 0000 0000 0000 0000 0000 0000 0000 0000

--- 新增 Trail #32 ---
Round 00 | IN:  0000 0000 0000 0000 0000 0000 0000 0000 0000 0000 0000 0000 0000 0000 0000 0000
Round 00 | OUT: 0001 1000 0000 0000 0000 1000 0000 0000 0000 0000 0000 0000 0000 0000 0000 0001
Round 01 | IN:  0000 0000 0000 0000 0000 0000 0000 0000 1001 1000 0000 0000 0000 0000 0000 0001
Round 01 | OUT: 0000 0000 0000 0000 0000 0000 0000 0000 1000 0101 0000 0000 1000 0001 0000 1101
Round 02 | IN:  0000 0000 0000 1000 0000 0000 0001 0101 0000 0000 0000 0000 0000 0000 1100 1001
Round 02 | OUT: 0000 0000 0000 0000 0000 0000 0000 1001 0000 0000 0000 0000 0000 0000 0000 1000
Round 03 | IN:  0000 1000 0000 1000 0000 0000 0000 0000 0000 0000 0000 0000 0000 0001 0000 0000
Round 03 | OUT: 0000 0000 0000 0000 0000 0000 0000 0000 0000 0000 0000 0000 0000 0000 0000 0000

--- 新增 Trail #33 ---
Round 00 | IN:  0000 0000 0000 0000 0000 0000 0000 0000 0000 0000 0000 0000 0000 0000 0000 0000
Round 00 | OUT: 0001 1000 0000 0000 0000 1000 0000 0000 0000 0000 0000 0000 0000 0000 0000 0001
Round 01 | IN:  0000 0000 0000 0000 0000 0000 0000 0000 1001 1000 0000 0000 0000 0000 0000 0001
Round 01 | OUT: 0000 0000 0000 0000 0000 0000 0000 0000 1000 0101 0000 0000 1000 0001 0000 0101
Round 02 | IN:  0000 0000 0000 0000 0000 0000 0001 0101 0000 0000 0000 0000 0000 0000 1100 1001
Round 02 | OUT: 0000 0000 0000 0000 0000 0000 0000 1001 0000 0000 0000 0000 0000 0000 0000 1000
Round 03 | IN:  0000 1000 0000 1000 0000 0000 0000 0000 0000 0000 0000 0000 0000 0001 0000 0000
Round 03 | OUT: 0000 0000 0000 0000 0000 0000 0000 0000 0000 0000 0000 0000 0000 0000 0000 0000

--- 新增 Trail #34 ---
Round 00 | IN:  0000 0000 0000 0000 0000 0000 0000 0000 0000 0000 0000 0000 0000 0000 0000 0000
Round 00 | OUT: 0001 1000 0000 0000 0000 1000 0000 0000 0000 0000 0000 0000 0000 0000 0000 0001
Round 01 | IN:  0000 0000 0000 0000 0000 0000 0000 0000 1001 1000 0000 0000 0000 0000 0000 0001
Round 01 | OUT: 0000 0000 0000 0000 0000 0000 0000 0000 1000 0101 0000 0000 0000 0001 0000 1101
Round 02 | IN:  0000 0000 0000 1000 0000 0000 0001 0101 0000 0000 0000 0000 0000 0000 1100 0001
Round 02 | OUT: 0000 0000 0000 0000 0000 0000 0000 1001 0000 0000 0000 0000 0000 0000 0000 1000
Round 03 | IN:  0000 1000 0000 1000 0000 0000 0000 0000 0000 0000 0000 0000 0000 0001 0000 0000
Round 03 | OUT: 0000 0000 0000 0000 0000 0000 0000 0000 0000 0000 0000 0000 0000 0000 0000 0000

--- 新增 Trail #35 ---
Round 00 | IN:  0000 0000 0000 0000 0000 0000 0000 0000 0000 0000 0000 0000 0000 0000 0000 0000
Round 00 | OUT: 0000 0000 0000 0000 0000 0000 0000 0000 0000 0000 0000 0000 0000 0000 0000 0001
Round 01 | IN:  0000 0000 0000 0000 0000 0000 0000 0000 0000 0000 0000 0000 0000 0000 0000 0001
Round 01 | OUT: 0000 0000 0000 0000 0000 0000 0000 0000 0000 0000 0000 0000 1000 0101 0000 1000
Round 02 | IN:  0000 0000 0000 1000 0000 0000 0000 0001 0000 0000 0000 0000 0000 0000 0000 1100
Round 02 | OUT: 0000 0000 0000 0000 0000 0000 0000 1011 0000 0000 0000 0000 0000 0000 0000 0010
Round 03 | IN:  0000 1000 0000 0000 0000 0000 0000 0000 0000 0010 0000 0010 0000 0001 0000 0000
Round 03 | OUT: 0000 0000 0000 0000 0000 0000 0000 0000 0000 0000 0000 0000 0000 0000 0000 0000

--- 新增 Trail #36 ---
Round 00 | IN:  0000 0000 0000 0000 0000 0000 0000 0000 0000 0000 0000 0000 0000 0000 0000 0000
Round 00 | OUT: 0001 0000 0000 0000 0000 0000 0000 0000 0000 0000 0000 0000 0000 0000 0000 0000
Round 01 | IN:  0000 0000 0000 0000 0000 0000 0000 0000 0001 0000 0000 0000 0000 0000 0000 0000
Round 01 | OUT: 0000 0000 0000 0000 0000 0000 0000 0000 1000 0000 0000 0000 1000 0101 0000 0000
Round 02 | IN:  0000 0000 0000 0000 0000 0000 0000 0001 0000 0000 0000 0000 0000 0000 1000 1100
Round 02 | OUT: 0000 0000 0000 0000 0000 0000 0000 1011 0000 0000 0000 0000 0000 0000 0000 0010
Round 03 | IN:  0000 1000 0000 0000 0000 0000 0000 0000 0000 0010 0000 0010 0000 0001 0000 0000
Round 03 | OUT: 0000 0000 0000 0000 0000 0000 0000 0000 0000 0000 0000 0000 0000 0000 0000 0000

--- 新增 Trail #37 ---
Round 00 | IN:  0000 0000 0000 0000 0000 0000 0000 0000 0000 0000 0000 0000 0000 0000 0000 0000
Round 00 | OUT: 0000 0000 0000 0000 0000 1000 0000 0000 0000 0000 0000 0000 0000 0000 0000 0000
Round 01 | IN:  0000 0000 0000 0000 0000 0000 0000 0000 0000 1000 0000 0000 0000 0000 0000 0000
Round 01 | OUT: 0000 0000 0000 0000 0000 0000 0000 0000 0000 0101 0000 0000 1000 0101 0000 0000
Round 02 | IN:  0000 0000 0000 0000 0000 0000 0001 0001 0000 0000 0000 0000 0000 0000 0100 1100
Round 02 | OUT: 0000 0000 0000 0000 0000 0000 0000 1011 0000 0000 0000 0000 0000 0000 0000 0010
Round 03 | IN:  0000 1000 0000 0000 0000 0000 0000 0000 0000 0010 0000 0010 0000 0001 0000 0000
Round 03 | OUT: 0000 0000 0000 0000 0000 0000 0000 0000 0000 0000 0000 0000 0000 0000 0000 0000

--- 新增 Trail #38 ---
Round 00 | IN:  0000 0000 0000 0000 0000 0000 0000 0000 0000 0000 0000 0000 0000 0000 0000 0000
Round 00 | OUT: 0000 0000 0000 0000 0000 1000 0000 0000 0000 0000 0000 0000 0000 0000 0000 0000
Round 01 | IN:  0000 0000 0000 0000 0000 0000 0000 0000 0000 1000 0000 0000 0000 0000 0000 0000
Round 01 | OUT: 0000 0000 0000 0000 0000 0000 0000 0000 0000 0101 0000 0000 1000 0101 0000 0000
Round 02 | IN:  0000 0000 0000 0000 0000 0000 0001 0001 0000 0000 0000 0000 0000 0000 0100 1100
Round 02 | OUT: 0000 0000 0000 0000 0000 0000 0000 1011 0000 0000 0000 0000 0000 0000 0000 1010
Round 03 | IN:  0000 1000 0000 1000 0000 0000 0000 0000 0000 0010 0000 0010 0000 0001 0000 0000
Round 03 | OUT: 0000 0000 0000 0000 0000 0000 0000 0000 0000 0000 0000 0000 0000 0000 0000 0000

--- 新增 Trail #39 ---
Round 00 | IN:  0000 0000 0000 0000 0000 0000 0000 0000 0000 0000 0000 0000 0000 0000 0000 0000
Round 00 | OUT: 0001 1000 0000 0000 0000 0000 0000 0000 0000 0000 0000 0000 0000 0000 0000 0000
Round 01 | IN:  0000 0000 0000 0000 0000 0000 0000 0000 1001 0000 0000 0000 0000 0000 0000 0000
Round 01 | OUT: 0000 0000 0000 0000 0000 0000 0000 0000 1000 0000 0000 0000 1000 0101 0000 0000
Round 02 | IN:  0000 0000 0000 0000 0000 0000 0000 0001 0000 0000 0000 0000 0000 0000 1000 1100
Round 02 | OUT: 0000 0000 0000 0000 0000 0000 0000 1011 0000 0000 0000 0000 0000 0000 0000 0010
Round 03 | IN:  0000 1000 0000 0000 0000 0000 0000 0000 0000 0010 0000 0010 0000 0001 0000 0000
Round 03 | OUT: 0000 0000 0000 0000 0000 0000 0000 0000 0000 0000 0000 0000 0000 0000 0000 0000

--- 新增 Trail #40 ---
Round 00 | IN:  0000 0000 0000 0000 0000 0000 0000 0000 0000 0000 0000 0000 0000 0000 0000 0000
Round 00 | OUT: 0001 0000 0000 0000 0000 0000 0000 0000 0000 0000 0000 0000 0000 0000 0000 0000
Round 01 | IN:  0000 0000 0000 0000 0000 0000 0000 0000 0001 0000 0000 0000 0000 0000 0000 0000
Round 01 | OUT: 0000 0000 0000 0000 0000 0000 0000 0000 1000 0000 0000 0000 1000 0101 0000 0000
Round 02 | IN:  0000 0000 0000 0000 0000 0000 0000 0001 0000 0000 0000 0000 0000 0000 1000 1100
Round 02 | OUT: 0000 0000 0000 0000 0000 0000 0000 1011 0000 0000 0000 0000 0000 0000 0000 1010
Round 03 | IN:  0000 1000 0000 1000 0000 0000 0000 0000 0000 0010 0000 0010 0000 0001 0000 0000
Round 03 | OUT: 0000 0000 0000 0000 0000 0000 0000 0000 0000 0000 0000 0000 0000 0000 0000 0000

--- 新增 Trail #41 ---
Round 00 | IN:  0000 0000 0000 0000 0000 0000 0000 0000 0000 0000 0000 0000 0000 0000 0000 0000
Round 00 | OUT: 0001 1000 0000 0000 0000 0000 0000 0000 0000 0000 0000 0000 0000 0000 0000 0000
Round 01 | IN:  0000 0000 0000 0000 0000 0000 0000 0000 1001 0000 0000 0000 0000 0000 0000 0000
Round 01 | OUT: 0000 0000 0000 0000 0000 0000 0000 0000 1000 0000 0000 0000 1000 0101 0000 0000
Round 02 | IN:  0000 0000 0000 0000 0000 0000 0000 0001 0000 0000 0000 0000 0000 0000 1000 1100
Round 02 | OUT: 0000 0000 0000 0000 0000 0000 0000 1011 0000 0000 0000 0000 0000 0000 0000 1010
Round 03 | IN:  0000 1000 0000 1000 0000 0000 0000 0000 0000 0010 0000 0010 0000 0001 0000 0000
Round 03 | OUT: 0000 0000 0000 0000 0000 0000 0000 0000 0000 0000 0000 0000 0000 0000 0000 0000

--- 新增 Trail #42 ---
Round 00 | IN:  0000 0000 0000 0000 0000 0000 0000 0000 0000 0000 0000 0000 0000 0000 0000 0000
Round 00 | OUT: 0000 0000 0000 0000 0000 0000 0000 0000 0000 0000 0000 0000 0000 0000 0000 0001
Round 01 | IN:  0000 0000 0000 0000 0000 0000 0000 0000 0000 0000 0000 0000 0000 0000 0000 0001
Round 01 | OUT: 0000 0000 0000 0000 0000 0000 0000 0000 0000 0000 0000 0000 1000 0101 0000 1000
Round 02 | IN:  0000 0000 0000 1000 0000 0000 0000 0001 0000 0000 0000 0000 0000 0000 0000 1100
Round 02 | OUT: 0000 0000 0000 0000 0000 0000 0000 1011 0000 0000 0000 0000 0000 0000 0000 1010
Round 03 | IN:  0000 1000 0000 1000 0000 0000 0000 0000 0000 0010 0000 0010 0000 0001 0000 0000
Round 03 | OUT: 0000 0000 0000 0000 0000 0000 0000 0000 0000 0000 0000 0000 0000 0000 0000 0000

--- 新增 Trail #43 ---
Round 00 | IN:  0000 0000 0000 0000 0000 0000 0000 0000 0000 0000 0000 0000 0000 0000 0000 0000
Round 00 | OUT: 0001 0000 0000 0000 0000 1000 0000 0000 0000 0000 0000 0000 0000 0000 0000 0001
Round 01 | IN:  0000 0000 0000 0000 0000 0000 0000 0000 0001 1000 0000 0000 0000 0000 0000 0001
Round 01 | OUT: 0000 0000 0000 0000 0000 0000 0000 0000 1000 0101 0000 0000 0000 0001 0000 0100
Round 02 | IN:  0000 0000 0000 0000 0000 0000 0001 0101 0000 0000 0000 0000 0000 0000 1100 0000
Round 02 | OUT: 0000 0000 0000 0000 0000 0000 0000 1010 0000 0000 0000 0000 0000 0000 0000 0000
Round 03 | IN:  0000 1000 0000 0000 0000 0000 0000 0000 0000 0010 0000 0000 0000 0000 0000 0000
Round 03 | OUT: 0000 0000 0000 0000 0000 0000 0000 0000 0000 0000 0000 0000 0000 0000 0000 0000

--- 新增 Trail #44 ---
Round 00 | IN:  0000 0000 0000 0000 0000 0000 0000 0000 0000 0000 0000 0000 0000 0000 0000 0000
Round 00 | OUT: 0001 0000 0000 0000 0000 1000 0000 0000 0000 0000 0000 0000 0000 0000 0000 0001
Round 01 | IN:  0000 0000 0000 0000 0000 0000 0000 0000 0001 1000 0000 0000 0000 0000 0000 0001
Round 01 | OUT: 0000 0000 0000 0000 0000 0000 0000 0000 1000 0101 0000 0000 1000 0101 0000 1000
Round 02 | IN:  0000 0000 0000 1000 0000 0000 0001 0001 0000 0000 0000 0000 0000 0000 1100 1100
Round 02 | OUT: 0000 0000 0000 0000 0000 0000 0000 1000 0000 0000 0000 0000 0000 0000 0000 0010
Round 03 | IN:  0000 1000 0000 0000 0000 0000 0000 0000 0000 0000 0000 0010 0000 0000 0000 0000
Round 03 | OUT: 0000 0000 0000 0000 0000 0000 0000 0000 0000 0000 0000 0000 0000 0000 0000 0000

--- 新增 Trail #45 ---
Round 00 | IN:  0000 0000 0000 0000 0000 0000 0000 0000 0000 0000 0000 0000 0000 0000 0000 0000
Round 00 | OUT: 0001 0000 0000 0000 0000 0000 0000 0000 0000 0000 0000 0000 0000 0000 0000 0001
Round 01 | IN:  0000 0000 0000 0000 0000 0000 0000 0000 0001 0000 0000 0000 0000 0000 0000 0001
Round 01 | OUT: 0000 0000 0000 0000 0000 0000 0000 0000 1000 0000 0000 0000 1000 0101 0000 0100
Round 02 | IN:  0000 0000 0000 0000 0000 0000 0000 0101 0000 0000 0000 0000 0000 0000 1000 1100
Round 02 | OUT: 0000 0000 0000 0000 0000 0000 0000 1001 0000 0000 0000 0000 0000 0000 0000 1010
Round 03 | IN:  0000 1000 0000 1000 0000 0000 0000 0000 0000 0000 0000 0010 0000 0001 0000 0000
Round 03 | OUT: 0000 0000 0000 0000 0000 0000 0000 0000 0000 0000 0000 0000 0000 0000 0000 0000

--- 新增 Trail #46 ---
Round 00 | IN:  0000 0000 0000 0000 0000 0000 0000 0000 0000 0000 0000 0000 0000 0000 0000 0000
Round 00 | OUT: 0001 0000 0000 0000 0000 0000 0000 0000 0000 0000 0000 0000 0000 0000 0000 0001
Round 01 | IN:  0000 0000 0000 0000 0000 0000 0000 0000 0001 0000 0000 0000 0000 0000 0000 0001
Round 01 | OUT: 0000 0000 0000 0000 0000 0000 0000 0000 1000 0000 0000 0000 1000 0101 0000 0100
Round 02 | IN:  0000 0000 0000 0000 0000 0000 0000 0101 0000 0000 0000 0000 0000 0000 1000 1100
Round 02 | OUT: 0000 0000 0000 0000 0000 0000 0000 1001 0000 0000 0000 0000 0000 0000 0000 0010
Round 03 | IN:  0000 1000 0000 0000 0000 0000 0000 0000 0000 0000 0000 0010 0000 0001 0000 0000
Round 03 | OUT: 0000 0000 0000 0000 0000 0000 0000 0000 0000 0000 0000 0000 0000 0000 0000 0000

--- 新增 Trail #47 ---
Round 00 | IN:  0000 0000 0000 0000 0000 0000 0000 0000 0000 0000 0000 0000 0000 0000 0000 0000
Round 00 | OUT: 0001 0000 0000 0000 0000 0000 0000 0000 0000 0000 0000 0000 0000 0000 0000 0001
Round 01 | IN:  0000 0000 0000 0000 0000 0000 0000 0000 0001 0000 0000 0000 0000 0000 0000 0001
Round 01 | OUT: 0000 0000 0000 0000 0000 0000 0000 0000 1000 0000 0000 0000 1000 0101 0000 1100
Round 02 | IN:  0000 0000 0000 1000 0000 0000 0000 0101 0000 0000 0000 0000 0000 0000 1000 1100
Round 02 | OUT: 0000 0000 0000 0000 0000 0000 0000 1001 0000 0000 0000 0000 0000 0000 0000 0010
Round 03 | IN:  0000 1000 0000 0000 0000 0000 0000 0000 0000 0000 0000 0010 0000 0001 0000 0000
Round 03 | OUT: 0000 0000 0000 0000 0000 0000 0000 0000 0000 0000 0000 0000 0000 0000 0000 0000

--- 新增 Trail #48 ---
Round 00 | IN:  0000 0000 0000 0000 0000 0000 0000 0000 0000 0000 0000 0000 0000 0000 0000 0000
Round 00 | OUT: 0001 0000 0000 0000 0000 0000 0000 0000 0000 0000 0000 0000 0000 0000 0000 0001
Round 01 | IN:  0000 0000 0000 0000 0000 0000 0000 0000 0001 0000 0000 0000 0000 0000 0000 0001
Round 01 | OUT: 0000 0000 0000 0000 0000 0000 0000 0000 1000 0000 0000 0000 1000 0101 0000 1100
Round 02 | IN:  0000 0000 0000 1000 0000 0000 0000 0101 0000 0000 0000 0000 0000 0000 1000 1100
Round 02 | OUT: 0000 0000 0000 0000 0000 0000 0000 1001 0000 0000 0000 0000 0000 0000 0000 1010
Round 03 | IN:  0000 1000 0000 1000 0000 0000 0000 0000 0000 0000 0000 0010 0000 0001 0000 0000
Round 03 | OUT: 0000 0000 0000 0000 0000 0000 0000 0000 0000 0000 0000 0000 0000 0000 0000 0000

--- 新增 Trail #49 ---
Round 00 | IN:  0000 0000 0000 0000 0000 0000 0000 0000 0000 0000 0000 0000 0000 0000 0000 0000
Round 00 | OUT: 0001 1000 0000 0000 0000 1000 0000 0000 0000 0000 0000 0000 0000 0000 0000 0001
Round 01 | IN:  0000 0000 0000 0000 0000 0000 0000 0000 1001 1000 0000 0000 0000 0000 0000 0001
Round 01 | OUT: 0000 0000 0000 0000 0000 0000 0000 0000 1000 0101 0000 0000 1000 0101 0000 1000
Round 02 | IN:  0000 0000 0000 1000 0000 0000 0001 0001 0000 0000 0000 0000 0000 0000 1100 1100
Round 02 | OUT: 0000 0000 0000 0000 0000 0000 0000 1000 0000 0000 0000 0000 0000 0000 0000 0010
Round 03 | IN:  0000 1000 0000 0000 0000 0000 0000 0000 0000 0000 0000 0010 0000 0000 0000 0000
Round 03 | OUT: 0000 0000 0000 0000 0000 0000 0000 0000 0000 0000 0000 0000 0000 0000 0000 0000

--- 新增 Trail #50 ---
Round 00 | IN:  0000 0000 0000 0000 0000 0000 0000 0000 0000 0000 0000 0000 0000 0000 0000 0000
Round 00 | OUT: 0001 0000 0000 0000 0000 1000 0000 0000 0000 0000 0000 0000 0000 0000 0000 0001
Round 01 | IN:  0000 0000 0000 0000 0000 0000 0000 0000 0001 1000 0000 0000 0000 0000 0000 0001
Round 01 | OUT: 0000 0000 0000 0000 0000 0000 0000 0000 1000 0101 0000 0000 1000 0101 0000 1000
Round 02 | IN:  0000 0000 0000 1000 0000 0000 0001 0001 0000 0000 0000 0000 0000 0000 1100 1100
Round 02 | OUT: 0000 0000 0000 0000 0000 0000 0000 1000 0000 0000 0000 0000 0000 0000 0000 1010
Round 03 | IN:  0000 1000 0000 1000 0000 0000 0000 0000 0000 0000 0000 0010 0000 0000 0000 0000
Round 03 | OUT: 0000 0000 0000 0000 0000 0000 0000 0000 0000 0000 0000 0000 0000 0000 0000 0000

--- 新增 Trail #51 ---
Round 00 | IN:  0000 0000 0000 0000 0000 0000 0000 0000 0000 0000 0000 0000 0000 0000 0000 0000
Round 00 | OUT: 0001 1000 0000 0000 0000 1000 0000 0000 0000 0000 0000 0000 0000 0000 0000 0001
Round 01 | IN:  0000 0000 0000 0000 0000 0000 0000 0000 1001 1000 0000 0000 0000 0000 0000 0001
Round 01 | OUT: 0000 0000 0000 0000 0000 0000 0000 0000 1000 0101 0000 0000 1000 0101 0000 1000
Round 02 | IN:  0000 0000 0000 1000 0000 0000 0001 0001 0000 0000 0000 0000 0000 0000 1100 1100
Round 02 | OUT: 0000 0000 0000 0000 0000 0000 0000 1000 0000 0000 0000 0000 0000 0000 0000 1010
Round 03 | IN:  0000 1000 0000 1000 0000 0000 0000 0000 0000 0000 0000 0010 0000 0000 0000 0000
Round 03 | OUT: 0000 0000 0000 0000 0000 0000 0000 0000 0000 0000 0000 0000 0000 0000 0000 0000

--- 新增 Trail #52 ---
Round 00 | IN:  0000 0000 0000 0000 0000 0000 0000 0000 0000 0000 0000 0000 0000 0000 0000 0000
Round 00 | OUT: 0001 1000 0000 0000 0000 0000 0000 0000 0000 0000 0000 0000 0000 0000 0000 0001
Round 01 | IN:  0000 0000 0000 0000 0000 0000 0000 0000 1001 0000 0000 0000 0000 0000 0000 0001
Round 01 | OUT: 0000 0000 0000 0000 0000 0000 0000 0000 1000 0000 0000 0000 1000 0101 0000 0100
Round 02 | IN:  0000 0000 0000 0000 0000 0000 0000 0101 0000 0000 0000 0000 0000 0000 1000 1100
Round 02 | OUT: 0000 0000 0000 0000 0000 0000 0000 1001 0000 0000 0000 0000 0000 0000 0000 1010
Round 03 | IN:  0000 1000 0000 1000 0000 0000 0000 0000 0000 0000 0000 0010 0000 0001 0000 0000
Round 03 | OUT: 0000 0000 0000 0000 0000 0000 0000 0000 0000 0000 0000 0000 0000 0000 0000 0000

--- 新增 Trail #53 ---
Round 00 | IN:  0000 0000 0000 0000 0000 0000 0000 0000 0000 0000 0000 0000 0000 0000 0000 0000
Round 00 | OUT: 0001 0000 0000 0000 0000 0000 0000 0000 0000 0000 0000 0000 0000 0000 0000 0001
Round 01 | IN:  0000 0000 0000 0000 0000 0000 0000 0000 0001 0000 0000 0000 0000 0000 0000 0001
Round 01 | OUT: 0000 0000 0000 0000 0000 0000 0000 0000 1000 0000 0000 0000 1000 0101 0000 0101
Round 02 | IN:  0000 0000 0000 0000 0000 0000 0000 0101 0000 0000 0000 0000 0000 0000 1000 1101
Round 02 | OUT: 0000 0000 0000 0000 0000 0000 0000 1001 0000 0000 0000 0000 0000 0000 0000 0010
Round 03 | IN:  0000 1000 0000 0000 0000 0000 0000 0000 0000 0000 0000 0010 0000 0001 0000 0000
Round 03 | OUT: 0000 0000 0000 0000 0000 0000 0000 0000 0000 0000 0000 0000 0000 0000 0000 0000

--- 新增 Trail #54 ---
Round 00 | IN:  0000 0000 0000 0000 0000 0000 0000 0000 0000 0000 0000 0000 0000 0000 0000 0000
Round 00 | OUT: 0001 0000 0000 0000 0000 0000 0000 0000 0000 0000 0000 0000 0000 0000 0000 0001
Round 01 | IN:  0000 0000 0000 0000 0000 0000 0000 0000 0001 0000 0000 0000 0000 0000 0000 0001
Round 01 | OUT: 0000 0000 0000 0000 0000 0000 0000 0000 1000 0000 0000 0000 0000 0101 0000 0101
Round 02 | IN:  0000 0000 0000 0000 0000 0000 0000 0101 0000 0000 0000 0000 0000 0000 1000 0101
Round 02 | OUT: 0000 0000 0000 0000 0000 0000 0000 1001 0000 0000 0000 0000 0000 0000 0000 1010
Round 03 | IN:  0000 1000 0000 1000 0000 0000 0000 0000 0000 0000 0000 0010 0000 0001 0000 0000
Round 03 | OUT: 0000 0000 0000 0000 0000 0000 0000 0000 0000 0000 0000 0000 0000 0000 0000 0000

--- 新增 Trail #55 ---
Round 00 | IN:  0000 0000 0000 0000 0000 0000 0000 0000 0000 0000 0000 0000 0000 0000 0000 0000
Round 00 | OUT: 0001 1000 0000 0000 0000 0000 0000 0000 0000 0000 0000 0000 0000 0000 0000 0001
Round 01 | IN:  0000 0000 0000 0000 0000 0000 0000 0000 1001 0000 0000 0000 0000 0000 0000 0001
Round 01 | OUT: 0000 0000 0000 0000 0000 0000 0000 0000 1000 0000 0000 0000 1000 0101 0000 0100
Round 02 | IN:  0000 0000 0000 0000 0000 0000 0000 0101 0000 0000 0000 0000 0000 0000 1000 1100
Round 02 | OUT: 0000 0000 0000 0000 0000 0000 0000 1001 0000 0000 0000 0000 0000 0000 0000 0010
Round 03 | IN:  0000 1000 0000 0000 0000 0000 0000 0000 0000 0000 0000 0010 0000 0001 0000 0000
Round 03 | OUT: 0000 0000 0000 0000 0000 0000 0000 0000 0000 0000 0000 0000 0000 0000 0000 0000

--- 新增 Trail #56 ---
Round 00 | IN:  0000 0000 0000 0000 0000 0000 0000 0000 0000 0000 0000 0000 0000 0000 0000 0000
Round 00 | OUT: 0000 0000 0000 0000 0000 1000 0000 0000 0000 0000 0000 0000 0000 0000 0000 0001
Round 01 | IN:  0000 0000 0000 0000 0000 0000 0000 0000 0000 1000 0000 0000 0000 0000 0000 0001
Round 01 | OUT: 0000 0000 0000 0000 0000 0000 0000 0000 0000 0101 0000 0000 1000 0101 0000 0101
Round 02 | IN:  0000 0000 0000 0000 0000 0000 0001 0101 0000 0000 0000 0000 0000 0000 0100 1101
Round 02 | OUT: 0000 0000 0000 0000 0000 0000 0000 1001 0000 0000 0000 0000 0000 0000 0000 0010
Round 03 | IN:  0000 1000 0000 0000 0000 0000 0000 0000 0000 0000 0000 0010 0000 0001 0000 0000
Round 03 | OUT: 0000 0000 0000 0000 0000 0000 0000 0000 0000 0000 0000 0000 0000 0000 0000 0000

--- 新增 Trail #57 ---
Round 00 | IN:  0000 0000 0000 0000 0000 0000 0000 0000 0000 0000 0000 0000 0000 0000 0000 0000
Round 00 | OUT: 0000 0000 0000 0000 0000 1000 0000 0000 0000 0000 0000 0000 0000 0000 0000 0001
Round 01 | IN:  0000 0000 0000 0000 0000 0000 0000 0000 0000 1000 0000 0000 0000 0000 0000 0001
Round 01 | OUT: 0000 0000 0000 0000 0000 0000 0000 0000 0000 0101 0000 0000 0000 0101 0000 0101
Round 02 | IN:  0000 0000 0000 0000 0000 0000 0001 0101 0000 0000 0000 0000 0000 0000 0100 0101
Round 02 | OUT: 0000 0000 0000 0000 0000 0000 0000 1001 0000 0000 0000 0000 0000 0000 0000 1010
Round 03 | IN:  0000 1000 0000 1000 0000 0000 0000 0000 0000 0000 0000 0010 0000 0001 0000 0000
Round 03 | OUT: 0000 0000 0000 0000 0000 0000 0000 0000 0000 0000 0000 0000 0000 0000 0000 0000

--- 新增 Trail #58 ---
Round 00 | IN:  0000 0000 0000 0000 0000 0000 0000 0000 0000 0000 0000 0000 0000 0000 0000 0000
Round 00 | OUT: 0000 0000 0000 0000 0000 1000 0000 0000 0000 0000 0000 0000 0000 0000 0000 0001
Round 01 | IN:  0000 0000 0000 0000 0000 0000 0000 0000 0000 1000 0000 0000 0000 0000 0000 0001
Round 01 | OUT: 0000 0000 0000 0000 0000 0000 0000 0000 0000 0101 0000 0000 0000 0001 0000 0101
Round 02 | IN:  0000 0000 0000 0000 0000 0000 0001 0101 0000 0000 0000 0000 0000 0000 0100 0001
Round 02 | OUT: 0000 0000 0000 0000 0000 0000 0000 1010 0000 0000 0000 0000 0000 0000 0000 1000
Round 03 | IN:  0000 1000 0000 1000 0000 0000 0000 0000 0000 0010 0000 0000 0000 0000 0000 0000
Round 03 | OUT: 0000 0000 0000 0000 0000 0000 0000 0000 0000 0000 0000 0000 0000 0000 0000 0000

--- 新增 Trail #59 ---
Round 00 | IN:  0000 0000 0000 0000 0000 0000 0000 0000 0000 0000 0000 0000 0000 0000 0000 0000
Round 00 | OUT: 0000 0000 0000 0000 0000 1000 0000 0000 0000 0000 0000 0000 0000 0000 0000 0001
Round 01 | IN:  0000 0000 0000 0000 0000 0000 0000 0000 0000 1000 0000 0000 0000 0000 0000 0001
Round 01 | OUT: 0000 0000 0000 0000 0000 0000 0000 0000 0000 0101 0000 0000 1000 0101 0000 0100
Round 02 | IN:  0000 0000 0000 0000 0000 0000 0001 0101 0000 0000 0000 0000 0000 0000 0100 1100
Round 02 | OUT: 0000 0000 0000 0000 0000 0000 0000 1001 0000 0000 0000 0000 0000 0000 0000 0010
Round 03 | IN:  0000 1000 0000 0000 0000 0000 0000 0000 0000 0000 0000 0010 0000 0001 0000 0000
Round 03 | OUT: 0000 0000 0000 0000 0000 0000 0000 0000 0000 0000 0000 0000 0000 0000 0000 0000

--- 新增 Trail #60 ---
Round 00 | IN:  0000 0000 0000 0000 0000 0000 0000 0000 0000 0000 0000 0000 0000 0000 0000 0000
Round 00 | OUT: 0001 1000 0000 0000 0000 0000 0000 0000 0000 0000 0000 0000 0000 0000 0000 0001
Round 01 | IN:  0000 0000 0000 0000 0000 0000 0000 0000 1001 0000 0000 0000 0000 0000 0000 0001
Round 01 | OUT: 0000 0000 0000 0000 0000 0000 0000 0000 1000 0000 0000 0000 1000 0101 0000 1100
Round 02 | IN:  0000 0000 0000 1000 0000 0000 0000 0101 0000 0000 0000 0000 0000 0000 1000 1100
Round 02 | OUT: 0000 0000 0000 0000 0000 0000 0000 1001 0000 0000 0000 0000 0000 0000 0000 1010
Round 03 | IN:  0000 1000 0000 1000 0000 0000 0000 0000 0000 0000 0000 0010 0000 0001 0000 0000
Round 03 | OUT: 0000 0000 0000 0000 0000 0000 0000 0000 0000 0000 0000 0000 0000 0000 0000 0000

--- 新增 Trail #61 ---
Round 00 | IN:  0000 0000 0000 0000 0000 0000 0000 0000 0000 0000 0000 0000 0000 0000 0000 0000
Round 00 | OUT: 0001 0000 0000 0000 0000 1000 0000 0000 0000 0000 0000 0000 0000 0000 0000 0001
Round 01 | IN:  0000 0000 0000 0000 0000 0000 0000 0000 0001 1000 0000 0000 0000 0000 0000 0001
Round 01 | OUT: 0000 0000 0000 0000 0000 0000 0000 0000 1000 0101 0000 0000 0000 0001 0000 1100
Round 02 | IN:  0000 0000 0000 1000 0000 0000 0001 0101 0000 0000 0000 0000 0000 0000 1100 0000
Round 02 | OUT: 0000 0000 0000 0000 0000 0000 0000 1010 0000 0000 0000 0000 0000 0000 0000 0000
Round 03 | IN:  0000 1000 0000 0000 0000 0000 0000 0000 0000 0010 0000 0000 0000 0000 0000 0000
Round 03 | OUT: 0000 0000 0000 0000 0000 0000 0000 0000 0000 0000 0000 0000 0000 0000 0000 0000

--- 新增 Trail #62 ---
Round 00 | IN:  0000 0000 0000 0000 0000 0000 0000 0000 0000 0000 0000 0000 0000 0000 0000 0000
Round 00 | OUT: 0001 1000 0000 0000 0000 1000 0000 0000 0000 0000 0000 0000 0000 0000 0000 0001
Round 01 | IN:  0000 0000 0000 0000 0000 0000 0000 0000 1001 1000 0000 0000 0000 0000 0000 0001
Round 01 | OUT: 0000 0000 0000 0000 0000 0000 0000 0000 1000 0101 0000 0000 0000 0001 0000 1100
Round 02 | IN:  0000 0000 0000 1000 0000 0000 0001 0101 0000 0000 0000 0000 0000 0000 1100 0000
Round 02 | OUT: 0000 0000 0000 0000 0000 0000 0000 1010 0000 0000 0000 0000 0000 0000 0000 0000
Round 03 | IN:  0000 1000 0000 0000 0000 0000 0000 0000 0000 0010 0000 0000 0000 0000 0000 0000
Round 03 | OUT: 0000 0000 0000 0000 0000 0000 0000 0000 0000 0000 0000 0000 0000 0000 0000 0000

--- 新增 Trail #63 ---
Round 00 | IN:  0000 0000 0000 0000 0000 0000 0000 0000 0000 0000 0000 0000 0000 0000 0000 0000
Round 00 | OUT: 0000 0000 0000 0000 0000 1000 0000 0000 0000 0000 0000 0000 0000 0000 0000 0001
Round 01 | IN:  0000 0000 0000 0000 0000 0000 0000 0000 0000 1000 0000 0000 0000 0000 0000 0001
Round 01 | OUT: 0000 0000 0000 0000 0000 0000 0000 0000 0000 0101 0000 0000 1000 0101 0000 1101
Round 02 | IN:  0000 0000 0000 1000 0000 0000 0001 0101 0000 0000 0000 0000 0000 0000 0100 1101
Round 02 | OUT: 0000 0000 0000 0000 0000 0000 0000 1001 0000 0000 0000 0000 0000 0000 0000 0010
Round 03 | IN:  0000 1000 0000 0000 0000 0000 0000 0000 0000 0000 0000 0010 0000 0001 0000 0000
Round 03 | OUT: 0000 0000 0000 0000 0000 0000 0000 0000 0000 0000 0000 0000 0000 0000 0000 0000

--- 新增 Trail #64 ---
Round 00 | IN:  0000 0000 0000 0000 0000 0000 0000 0000 0000 0000 0000 0000 0000 0000 0000 0000
Round 00 | OUT: 0000 0000 0000 0000 0000 1000 0000 0000 0000 0000 0000 0000 0000 0000 0000 0001
Round 01 | IN:  0000 0000 0000 0000 0000 0000 0000 0000 0000 1000 0000 0000 0000 0000 0000 0001
Round 01 | OUT: 0000 0000 0000 0000 0000 0000 0000 0000 0000 0101 0000 0000 0000 0101 0000 1101
Round 02 | IN:  0000 0000 0000 1000 0000 0000 0001 0101 0000 0000 0000 0000 0000 0000 0100 0101
Round 02 | OUT: 0000 0000 0000 0000 0000 0000 0000 1001 0000 0000 0000 0000 0000 0000 0000 1010
Round 03 | IN:  0000 1000 0000 1000 0000 0000 0000 0000 0000 0000 0000 0010 0000 0001 0000 0000
Round 03 | OUT: 0000 0000 0000 0000 0000 0000 0000 0000 0000 0000 0000 0000 0000 0000 0000 0000

--- 新增 Trail #65 ---
Round 00 | IN:  0000 0000 0000 0000 0000 0000 0000 0000 0000 0000 0000 0000 0000 0000 0000 0000
Round 00 | OUT: 0001 1000 0000 0000 0000 1000 0000 0000 0000 0000 0000 0000 0000 0000 0000 0001
Round 01 | IN:  0000 0000 0000 0000 0000 0000 0000 0000 1001 1000 0000 0000 0000 0000 0000 0001
Round 01 | OUT: 0000 0000 0000 0000 0000 0000 0000 0000 1000 0101 0000 0000 0000 0001 0000 0100
Round 02 | IN:  0000 0000 0000 0000 0000 0000 0001 0101 0000 0000 0000 0000 0000 0000 1100 0000
Round 02 | OUT: 0000 0000 0000 0000 0000 0000 0000 1010 0000 0000 0000 0000 0000 0000 0000 0000
Round 03 | IN:  0000 1000 0000 0000 0000 0000 0000 0000 0000 0010 0000 0000 0000 0000 0000 0000
Round 03 | OUT: 0000 0000 0000 0000 0000 0000 0000 0000 0000 0000 0000 0000 0000 0000 0000 0000

--- 新增 Trail #66 ---
Round 00 | IN:  0000 0000 0000 0000 0000 0000 0000 0000 0000 0000 0000 0000 0000 0000 0000 0000
Round 00 | OUT: 0001 1000 0000 0000 0000 0000 0000 0000 0000 0000 0000 0000 0000 0000 0000 0001
Round 01 | IN:  0000 0000 0000 0000 0000 0000 0000 0000 1001 0000 0000 0000 0000 0000 0000 0001
Round 01 | OUT: 0000 0000 0000 0000 0000 0000 0000 0000 1000 0000 0000 0000 1000 0101 0000 1100
Round 02 | IN:  0000 0000 0000 1000 0000 0000 0000 0101 0000 0000 0000 0000 0000 0000 1000 1100
Round 02 | OUT: 0000 0000 0000 0000 0000 0000 0000 1001 0000 0000 0000 0000 0000 0000 0000 0010
Round 03 | IN:  0000 1000 0000 0000 0000 0000 0000 0000 0000 0000 0000 0010 0000 0001 0000 0000
Round 03 | OUT: 0000 0000 0000 0000 0000 0000 0000 0000 0000 0000 0000 0000 0000 0000 0000 0000

--- 新增 Trail #67 ---
Round 00 | IN:  0000 0000 0000 0000 0000 0000 0000 0000 0000 0000 0000 0000 0000 0000 0000 0000
Round 00 | OUT: 0000 0000 0000 0000 0000 1000 0000 0000 0000 0000 0000 0000 0000 0000 0000 0001
Round 01 | IN:  0000 0000 0000 0000 0000 0000 0000 0000 0000 1000 0000 0000 0000 0000 0000 0001
Round 01 | OUT: 0000 0000 0000 0000 0000 0000 0000 0000 0000 0101 0000 0000 0000 0001 0000 1101
Round 02 | IN:  0000 0000 0000 1000 0000 0000 0001 0101 0000 0000 0000 0000 0000 0000 0100 0001
Round 02 | OUT: 0000 0000 0000 0000 0000 0000 0000 1010 0000 0000 0000 0000 0000 0000 0000 1000
Round 03 | IN:  0000 1000 0000 1000 0000 0000 0000 0000 0000 0010 0000 0000 0000 0000 0000 0000
Round 03 | OUT: 0000 0000 0000 0000 0000 0000 0000 0000 0000 0000 0000 0000 0000 0000 0000 0000

--- 新增 Trail #68 ---
Round 00 | IN:  0000 0000 0000 0000 0000 0000 0000 0000 0000 0000 0000 0000 0000 0000 0000 0000
Round 00 | OUT: 0000 0000 0000 0000 0000 1000 0000 0000 0000 0000 0000 0000 0000 0000 0000 0001
Round 01 | IN:  0000 0000 0000 0000 0000 0000 0000 0000 0000 1000 0000 0000 0000 0000 0000 0001
Round 01 | OUT: 0000 0000 0000 0000 0000 0000 0000 0000 0000 0101 0000 0000 1000 0001 0000 1101
Round 02 | IN:  0000 0000 0000 1000 0000 0000 0001 0101 0000 0000 0000 0000 0000 0000 0100 1001
Round 02 | OUT: 0000 0000 0000 0000 0000 0000 0000 1010 0000 0000 0000 0000 0000 0000 0000 1000
Round 03 | IN:  0000 1000 0000 1000 0000 0000 0000 0000 0000 0010 0000 0000 0000 0000 0000 0000
Round 03 | OUT: 0000 0000 0000 0000 0000 0000 0000 0000 0000 0000 0000 0000 0000 0000 0000 0000

--- 新增 Trail #69 ---
Round 00 | IN:  0000 0000 0000 0000 0000 0000 0000 0000 0000 0000 0000 0000 0000 0000 0000 0000
Round 00 | OUT: 0000 0000 0000 0000 0000 1000 0000 0000 0000 0000 0000 0000 0000 0000 0000 0001
Round 01 | IN:  0000 0000 0000 0000 0000 0000 0000 0000 0000 1000 0000 0000 0000 0000 0000 0001
Round 01 | OUT: 0000 0000 0000 0000 0000 0000 0000 0000 0000 0101 0000 0000 1000 0001 0000 0101
Round 02 | IN:  0000 0000 0000 0000 0000 0000 0001 0101 0000 0000 0000 0000 0000 0000 0100 1001
Round 02 | OUT: 0000 0000 0000 0000 0000 0000 0000 1010 0000 0000 0000 0000 0000 0000 0000 1000
Round 03 | IN:  0000 1000 0000 1000 0000 0000 0000 0000 0000 0010 0000 0000 0000 0000 0000 0000
Round 03 | OUT: 0000 0000 0000 0000 0000 0000 0000 0000 0000 0000 0000 0000 0000 0000 0000 0000

--- 新增 Trail #70 ---
Round 00 | IN:  0000 0000 0000 0000 0000 0000 0000 0000 0000 0000 0000 0000 0000 0000 0000 0000
Round 00 | OUT: 0001 1000 0000 0000 0000 0000 0000 0000 0000 0000 0000 0000 0000 0000 0000 0001
Round 01 | IN:  0000 0000 0000 0000 0000 0000 0000 0000 1001 0000 0000 0000 0000 0000 0000 0001
Round 01 | OUT: 0000 0000 0000 0000 0000 0000 0000 0000 1000 0000 0000 0000 1000 0101 0000 0101
Round 02 | IN:  0000 0000 0000 0000 0000 0000 0000 0101 0000 0000 0000 0000 0000 0000 1000 1101
Round 02 | OUT: 0000 0000 0000 0000 0000 0000 0000 1001 0000 0000 0000 0000 0000 0000 0000 0010
Round 03 | IN:  0000 1000 0000 0000 0000 0000 0000 0000 0000 0000 0000 0010 0000 0001 0000 0000
Round 03 | OUT: 0000 0000 0000 0000 0000 0000 0000 0000 0000 0000 0000 0000 0000 0000 0000 0000

--- 新增 Trail #71 ---
Round 00 | IN:  0000 0000 0000 0000 0000 0000 0000 0000 0000 0000 0000 0000 0000 0000 0000 0000
Round 00 | OUT: 0001 1000 0000 0000 0000 0000 0000 0000 0000 0000 0000 0000 0000 0000 0000 0001
Round 01 | IN:  0000 0000 0000 0000 0000 0000 0000 0000 1001 0000 0000 0000 0000 0000 0000 0001
Round 01 | OUT: 0000 0000 0000 0000 0000 0000 0000 0000 1000 0000 0000 0000 0000 0101 0000 0101
Round 02 | IN:  0000 0000 0000 0000 0000 0000 0000 0101 0000 0000 0000 0000 0000 0000 1000 0101
Round 02 | OUT: 0000 0000 0000 0000 0000 0000 0000 1001 0000 0000 0000 0000 0000 0000 0000 1010
Round 03 | IN:  0000 1000 0000 1000 0000 0000 0000 0000 0000 0000 0000 0010 0000 0001 0000 0000
Round 03 | OUT: 0000 0000 0000 0000 0000 0000 0000 0000 0000 0000 0000 0000 0000 0000 0000 0000

--- 新增 Trail #72 ---
Round 00 | IN:  0000 0000 0000 0000 0000 0000 0000 0000 0000 0000 0000 0000 0000 0000 0000 0000
Round 00 | OUT: 0000 0000 0000 0000 0000 1000 0000 0000 0000 0000 0000 0000 0000 0000 0000 0001
Round 01 | IN:  0000 0000 0000 0000 0000 0000 0000 0000 0000 1000 0000 0000 0000 0000 0000 0001
Round 01 | OUT: 0000 0000 0000 0000 0000 0000 0000 0000 0000 0101 0000 0000 1000 0101 0000 1100
Round 02 | IN:  0000 0000 0000 1000 0000 0000 0001 0101 0000 0000 0000 0000 0000 0000 0100 1100
Round 02 | OUT: 0000 0000 0000 0000 0000 0000 0000 1001 0000 0000 0000 0000 0000 0000 0000 0010
Round 03 | IN:  0000 1000 0000 0000 0000 0000 0000 0000 0000 0000 0000 0010 0000 0001 0000 0000
Round 03 | OUT: 0000 0000 0000 0000 0000 0000 0000 0000 0000 0000 0000 0000 0000 0000 0000 0000

--- 新增 Trail #73 ---
Round 00 | IN:  0000 0000 0000 0000 0000 0000 0000 0000 0000 0000 0000 0000 0000 0000 0000 0000
Round 00 | OUT: 0000 0000 0000 0000 0000 1000 0000 0000 0000 0000 0000 0000 0000 0000 0000 0001
Round 01 | IN:  0000 0000 0000 0000 0000 0000 0000 0000 0000 1000 0000 0000 0000 0000 0000 0001
Round 01 | OUT: 0000 0000 0000 0000 0000 0000 0000 0000 0000 0101 0000 0000 1000 0101 0000 1100
Round 02 | IN:  0000 0000 0000 1000 0000 0000 0001 0101 0000 0000 0000 0000 0000 0000 0100 1100
Round 02 | OUT: 0000 0000 0000 0000 0000 0000 0000 1001 0000 0000 0000 0000 0000 0000 0000 1010
Round 03 | IN:  0000 1000 0000 1000 0000 0000 0000 0000 0000 0000 0000 0010 0000 0001 0000 0000
Round 03 | OUT: 0000 0000 0000 0000 0000 0000 0000 0000 0000 0000 0000 0000 0000 0000 0000 0000

--- 新增 Trail #74 ---
Round 00 | IN:  0000 0000 0000 0000 0000 0000 0000 0000 0000 0000 0000 0000 0000 0000 0000 0000
Round 00 | OUT: 0000 0000 0000 0000 0000 1000 0000 0000 0000 0000 0000 0000 0000 0000 0000 0001
Round 01 | IN:  0000 0000 0000 0000 0000 0000 0000 0000 0000 1000 0000 0000 0000 0000 0000 0001
Round 01 | OUT: 0000 0000 0000 0000 0000 0000 0000 0000 0000 0101 0000 0000 1000 0101 0000 0100
Round 02 | IN:  0000 0000 0000 0000 0000 0000 0001 0101 0000 0000 0000 0000 0000 0000 0100 1100
Round 02 | OUT: 0000 0000 0000 0000 0000 0000 0000 1001 0000 0000 0000 0000 0000 0000 0000 1010
Round 03 | IN:  0000 1000 0000 1000 0000 0000 0000 0000 0000 0000 0000 0010 0000 0001 0000 0000
Round 03 | OUT: 0000 0000 0000 0000 0000 0000 0000 0000 0000 0000 0000 0000 0000 0000 0000 0000

--- 新增 Trail #75 ---
Round 00 | IN:  0000 0000 0000 0000 0000 0000 0000 0000 0000 0000 0000 0000 0000 0000 0000 0000
Round 00 | OUT: 0001 0000 0000 0000 0000 0000 0000 0000 0000 0000 0000 0000 0000 0000 0000 0001
Round 01 | IN:  0000 0000 0000 0000 0000 0000 0000 0000 0001 0000 0000 0000 0000 0000 0000 0001
Round 01 | OUT: 0000 0000 0000 0000 0000 0000 0000 0000 1000 0000 0000 0000 0000 0001 0000 0101
Round 02 | IN:  0000 0000 0000 0000 0000 0000 0000 0101 0000 0000 0000 0000 0000 0000 1000 0001
Round 02 | OUT: 0000 0000 0000 0000 0000 0000 0000 1010 0000 0000 0000 0000 0000 0000 0000 1000
Round 03 | IN:  0000 1000 0000 1000 0000 0000 0000 0000 0000 0010 0000 0000 0000 0000 0000 0000
Round 03 | OUT: 0000 0000 0000 0000 0000 0000 0000 0000 0000 0000 0000 0000 0000 0000 0000 0000

--- 新增 Trail #76 ---
Round 00 | IN:  0000 0000 0000 0000 0000 0000 0000 0000 0000 0000 0000 0000 0000 0000 0000 0000
Round 00 | OUT: 0001 0000 0000 0000 0000 0000 0000 0000 0000 0000 0000 0000 0000 0000 0000 0001
Round 01 | IN:  0000 0000 0000 0000 0000 0000 0000 0000 0001 0000 0000 0000 0000 0000 0000 0001
Round 01 | OUT: 0000 0000 0000 0000 0000 0000 0000 0000 1000 0000 0000 0000 0000 0001 0000 1101
Round 02 | IN:  0000 0000 0000 1000 0000 0000 0000 0101 0000 0000 0000 0000 0000 0000 1000 0001
Round 02 | OUT: 0000 0000 0000 0000 0000 0000 0000 1010 0000 0000 0000 0000 0000 0000 0000 1000
Round 03 | IN:  0000 1000 0000 1000 0000 0000 0000 0000 0000 0010 0000 0000 0000 0000 0000 0000
Round 03 | OUT: 0000 0000 0000 0000 0000 0000 0000 0000 0000 0000 0000 0000 0000 0000 0000 0000

--- 新增 Trail #77 ---
Round 00 | IN:  0000 0000 0000 0000 0000 0000 0000 0000 0000 0000 0000 0000 0000 0000 0000 0000
Round 00 | OUT: 0001 0000 0000 0000 0000 0000 0000 0000 0000 0000 0000 0000 0000 0000 0000 0001
Round 01 | IN:  0000 0000 0000 0000 0000 0000 0000 0000 0001 0000 0000 0000 0000 0000 0000 0001
Round 01 | OUT: 0000 0000 0000 0000 0000 0000 0000 0000 1000 0000 0000 0000 1000 0001 0000 1101
Round 02 | IN:  0000 0000 0000 1000 0000 0000 0000 0101 0000 0000 0000 0000 0000 0000 1000 1001
Round 02 | OUT: 0000 0000 0000 0000 0000 0000 0000 1010 0000 0000 0000 0000 0000 0000 0000 1000
Round 03 | IN:  0000 1000 0000 1000 0000 0000 0000 0000 0000 0010 0000 0000 0000 0000 0000 0000
Round 03 | OUT: 0000 0000 0000 0000 0000 0000 0000 0000 0000 0000 0000 0000 0000 0000 0000 0000

--- 新增 Trail #78 ---
Round 00 | IN:  0000 0000 0000 0000 0000 0000 0000 0000 0000 0000 0000 0000 0000 0000 0000 0000
Round 00 | OUT: 0001 0000 0000 0000 0000 0000 0000 0000 0000 0000 0000 0000 0000 0000 0000 0001
Round 01 | IN:  0000 0000 0000 0000 0000 0000 0000 0000 0001 0000 0000 0000 0000 0000 0000 0001
Round 01 | OUT: 0000 0000 0000 0000 0000 0000 0000 0000 1000 0000 0000 0000 1000 0101 0000 1101
Round 02 | IN:  0000 0000 0000 1000 0000 0000 0000 0101 0000 0000 0000 0000 0000 0000 1000 1101
Round 02 | OUT: 0000 0000 0000 0000 0000 0000 0000 1001 0000 0000 0000 0000 0000 0000 0000 0010
Round 03 | IN:  0000 1000 0000 0000 0000 0000 0000 0000 0000 0000 0000 0010 0000 0001 0000 0000
Round 03 | OUT: 0000 0000 0000 0000 0000 0000 0000 0000 0000 0000 0000 0000 0000 0000 0000 0000

--- 新增 Trail #79 ---
Round 00 | IN:  0000 0000 0000 0000 0000 0000 0000 0000 0000 0000 0000 0000 0000 0000 0000 0000
Round 00 | OUT: 0001 0000 0000 0000 0000 0000 0000 0000 0000 0000 0000 0000 0000 0000 0000 0001
Round 01 | IN:  0000 0000 0000 0000 0000 0000 0000 0000 0001 0000 0000 0000 0000 0000 0000 0001
Round 01 | OUT: 0000 0000 0000 0000 0000 0000 0000 0000 1000 0000 0000 0000 0000 0101 0000 1101
Round 02 | IN:  0000 0000 0000 1000 0000 0000 0000 0101 0000 0000 0000 0000 0000 0000 1000 0101
Round 02 | OUT: 0000 0000 0000 0000 0000 0000 0000 1001 0000 0000 0000 0000 0000 0000 0000 1010
Round 03 | IN:  0000 1000 0000 1000 0000 0000 0000 0000 0000 0000 0000 0010 0000 0001 0000 0000
Round 03 | OUT: 0000 0000 0000 0000 0000 0000 0000 0000 0000 0000 0000 0000 0000 0000 0000 0000

--- 新增 Trail #80 ---
Round 00 | IN:  0000 0000 0000 0000 0000 0000 0000 0000 0000 0000 0000 0000 0000 0000 0000 0000
Round 00 | OUT: 0001 0000 0000 0000 0000 0000 0000 0000 0000 0000 0000 0000 0000 0000 0000 0001
Round 01 | IN:  0000 0000 0000 0000 0000 0000 0000 0000 0001 0000 0000 0000 0000 0000 0000 0001
Round 01 | OUT: 0000 0000 0000 0000 0000 0000 0000 0000 1000 0000 0000 0000 1000 0001 0000 0101
Round 02 | IN:  0000 0000 0000 0000 0000 0000 0000 0101 0000 0000 0000 0000 0000 0000 1000 1001
Round 02 | OUT: 0000 0000 0000 0000 0000 0000 0000 1010 0000 0000 0000 0000 0000 0000 0000 1000
Round 03 | IN:  0000 1000 0000 1000 0000 0000 0000 0000 0000 0010 0000 0000 0000 0000 0000 0000
Round 03 | OUT: 0000 0000 0000 0000 0000 0000 0000 0000 0000 0000 0000 0000 0000 0000 0000 0000

--- 新增 Trail #81 ---
Round 00 | IN:  0000 0000 0000 0000 0000 0000 0000 0000 0000 0000 0000 0000 0000 0000 0000 0000
Round 00 | OUT: 0001 1000 0000 0000 0000 0000 0000 0000 0000 0000 0000 0000 0000 0000 0000 0001
Round 01 | IN:  0000 0000 0000 0000 0000 0000 0000 0000 1001 0000 0000 0000 0000 0000 0000 0001
Round 01 | OUT: 0000 0000 0000 0000 0000 0000 0000 0000 1000 0000 0000 0000 1000 0001 0000 0101
Round 02 | IN:  0000 0000 0000 0000 0000 0000 0000 0101 0000 0000 0000 0000 0000 0000 1000 1001
Round 02 | OUT: 0000 0000 0000 0000 0000 0000 0000 1010 0000 0000 0000 0000 0000 0000 0000 1000
Round 03 | IN:  0000 1000 0000 1000 0000 0000 0000 0000 0000 0010 0000 0000 0000 0000 0000 0000
Round 03 | OUT: 0000 0000 0000 0000 0000 0000 0000 0000 0000 0000 0000 0000 0000 0000 0000 0000

--- 新增 Trail #82 ---
Round 00 | IN:  0000 0000 0000 0000 0000 0000 0000 0000 0000 0000 0000 0000 0000 0000 0000 0000
Round 00 | OUT: 0001 1000 0000 0000 0000 0000 0000 0000 0000 0000 0000 0000 0000 0000 0000 0001
Round 01 | IN:  0000 0000 0000 0000 0000 0000 0000 0000 1001 0000 0000 0000 0000 0000 0000 0001
Round 01 | OUT: 0000 0000 0000 0000 0000 0000 0000 0000 1000 0000 0000 0000 1000 0101 0000 1101
Round 02 | IN:  0000 0000 0000 1000 0000 0000 0000 0101 0000 0000 0000 0000 0000 0000 1000 1101
Round 02 | OUT: 0000 0000 0000 0000 0000 0000 0000 1001 0000 0000 0000 0000 0000 0000 0000 0010
Round 03 | IN:  0000 1000 0000 0000 0000 0000 0000 0000 0000 0000 0000 0010 0000 0001 0000 0000
Round 03 | OUT: 0000 0000 0000 0000 0000 0000 0000 0000 0000 0000 0000 0000 0000 0000 0000 0000

--- 新增 Trail #83 ---
Round 00 | IN:  0000 0000 0000 0000 0000 0000 0000 0000 0000 0000 0000 0000 0000 0000 0000 0000
Round 00 | OUT: 0001 1000 0000 0000 0000 0000 0000 0000 0000 0000 0000 0000 0000 0000 0000 0001
Round 01 | IN:  0000 0000 0000 0000 0000 0000 0000 0000 1001 0000 0000 0000 0000 0000 0000 0001
Round 01 | OUT: 0000 0000 0000 0000 0000 0000 0000 0000 1000 0000 0000 0000 1000 0001 0000 1101
Round 02 | IN:  0000 0000 0000 1000 0000 0000 0000 0101 0000 0000 0000 0000 0000 0000 1000 1001
Round 02 | OUT: 0000 0000 0000 0000 0000 0000 0000 1010 0000 0000 0000 0000 0000 0000 0000 1000
Round 03 | IN:  0000 1000 0000 1000 0000 0000 0000 0000 0000 0010 0000 0000 0000 0000 0000 0000
Round 03 | OUT: 0000 0000 0000 0000 0000 0000 0000 0000 0000 0000 0000 0000 0000 0000 0000 0000

--- 新增 Trail #84 ---
Round 00 | IN:  0000 0000 0000 0000 0000 0000 0000 0000 0000 0000 0000 0000 0000 0000 0000 0000
Round 00 | OUT: 0001 1000 0000 0000 0000 0000 0000 0000 0000 0000 0000 0000 0000 0000 0000 0001
Round 01 | IN:  0000 0000 0000 0000 0000 0000 0000 0000 1001 0000 0000 0000 0000 0000 0000 0001
Round 01 | OUT: 0000 0000 0000 0000 0000 0000 0000 0000 1000 0000 0000 0000 0000 0001 0000 1101
Round 02 | IN:  0000 0000 0000 1000 0000 0000 0000 0101 0000 0000 0000 0000 0000 0000 1000 0001
Round 02 | OUT: 0000 0000 0000 0000 0000 0000 0000 1010 0000 0000 0000 0000 0000 0000 0000 1000
Round 03 | IN:  0000 1000 0000 1000 0000 0000 0000 0000 0000 0010 0000 0000 0000 0000 0000 0000
Round 03 | OUT: 0000 0000 0000 0000 0000 0000 0000 0000 0000 0000 0000 0000 0000 0000 0000 0000

--- 新增 Trail #85 ---
Round 00 | IN:  0000 0000 0000 0000 0000 0000 0000 0000 0000 0000 0000 0000 0000 0000 0000 0000
Round 00 | OUT: 0001 1000 0000 0000 0000 0000 0000 0000 0000 0000 0000 0000 0000 0000 0000 0001
Round 01 | IN:  0000 0000 0000 0000 0000 0000 0000 0000 1001 0000 0000 0000 0000 0000 0000 0001
Round 01 | OUT: 0000 0000 0000 0000 0000 0000 0000 0000 1000 0000 0000 0000 0000 0101 0000 1101
Round 02 | IN:  0000 0000 0000 1000 0000 0000 0000 0101 0000 0000 0000 0000 0000 0000 1000 0101
Round 02 | OUT: 0000 0000 0000 0000 0000 0000 0000 1001 0000 0000 0000 0000 0000 0000 0000 1010
Round 03 | IN:  0000 1000 0000 1000 0000 0000 0000 0000 0000 0000 0000 0010 0000 0001 0000 0000
Round 03 | OUT: 0000 0000 0000 0000 0000 0000 0000 0000 0000 0000 0000 0000 0000 0000 0000 0000

--- 新增 Trail #86 ---
Round 00 | IN:  0000 0000 0000 0000 0000 0000 0000 0000 0000 0000 0000 0000 0000 0000 0000 0000
Round 00 | OUT: 0001 1000 0000 0000 0000 0000 0000 0000 0000 0000 0000 0000 0000 0000 0000 0001
Round 01 | IN:  0000 0000 0000 0000 0000 0000 0000 0000 1001 0000 0000 0000 0000 0000 0000 0001
Round 01 | OUT: 0000 0000 0000 0000 0000 0000 0000 0000 1000 0000 0000 0000 0000 0001 0000 0101
Round 02 | IN:  0000 0000 0000 0000 0000 0000 0000 0101 0000 0000 0000 0000 0000 0000 1000 0001
Round 02 | OUT: 0000 0000 0000 0000 0000 0000 0000 1010 0000 0000 0000 0000 0000 0000 0000 1000
Round 03 | IN:  0000 1000 0000 1000 0000 0000 0000 0000 0000 0010 0000 0000 0000 0000 0000 0000
Round 03 | OUT: 0000 0000 0000 0000 0000 0000 0000 0000 0000 0000 0000 0000 0000 0000 0000 0000

在本层级共发现 86 个全新的 quasi-trail。

