==============================
MIN_CORR 层级: 41
==============================

--- 新增 Trail #1 ---
Round 00 | IN:  0000 0000 0000 0000 0000 0000 0000 0000 0000 0000 0000 0000 0000 0000 0000 0000
Round 00 | OUT: 0001 0000 0000 0000 0000 0000 0000 0000 0000 0000 0000 0000 0000 0000 0000 0000
Round 01 | IN:  0000 0000 0000 0000 0000 0000 0000 0000 0001 0000 0000 0000 0000 0000 0000 0000
Round 01 | OUT: 0000 0000 0000 0000 0000 0000 0000 0000 1000 0000 0000 0000 0000 0001 0000 0000
Round 02 | IN:  0000 0000 0000 0000 0000 0000 0000 0001 0000 0000 0000 0000 0000 0000 1000 0000
Round 02 | OUT: 0000 0000 0000 0000 0000 0000 0000 1000 0000 0000 0000 0000 0000 0000 0000 0000
Round 03 | IN:  0000 1000 0000 0000 0000 0000 0000 0000 0000 0000 0000 0000 0000 0000 0000 0000
Round 03 | OUT: 0000 0000 0000 0000 0000 0000 0000 0000 0000 0000 0000 0000 0000 0000 0000 0000

--- 新增 Trail #2 ---
Round 00 | IN:  0000 0000 0000 0000 0000 0000 0000 0000 0000 0000 0000 0000 0000 0000 0000 0000
Round 00 | OUT: 0000 0000 0000 0000 0000 0000 0000 0000 0000 0000 0000 0000 0000 0000 0000 0001
Round 01 | IN:  0000 0000 0000 0000 0000 0000 0000 0000 0000 0000 0000 0000 0000 0000 0000 0001
Round 01 | OUT: 0000 0000 0000 0000 0000 0000 0000 0000 0000 0000 0000 0000 0000 0001 0000 1000
Round 02 | IN:  0000 0000 0000 1000 0000 0000 0000 0001 0000 0000 0000 0000 0000 0000 0000 0000
Round 02 | OUT: 0000 0000 0000 0000 0000 0000 0000 1000 0000 0000 0000 0000 0000 0000 0000 0000
Round 03 | IN:  0000 1000 0000 0000 0000 0000 0000 0000 0000 0000 0000 0000 0000 0000 0000 0000
Round 03 | OUT: 0000 0000 0000 0000 0000 0000 0000 0000 0000 0000 0000 0000 0000 0000 0000 0000

--- 新增 Trail #3 ---
Round 00 | IN:  0000 0000 0000 0000 0000 0000 0000 0000 0000 0000 0000 0000 0000 0000 0000 0000
Round 00 | OUT: 0000 0000 0000 0000 0000 1000 0000 0000 0000 0000 0000 0000 0000 0000 0000 0000
Round 01 | IN:  0000 0000 0000 0000 0000 0000 0000 0000 0000 1000 0000 0000 0000 0000 0000 0000
Round 01 | OUT: 0000 0000 0000 0000 0000 0000 0000 0000 0000 0101 0000 0000 0000 0001 0000 0000
Round 02 | IN:  0000 0000 0000 0000 0000 0000 0001 0001 0000 0000 0000 0000 0000 0000 0100 0000
Round 02 | OUT: 0000 0000 0000 0000 0000 0000 0000 1000 0000 0000 0000 0000 0000 0000 0000 0000
Round 03 | IN:  0000 1000 0000 0000 0000 0000 0000 0000 0000 0000 0000 0000 0000 0000 0000 0000
Round 03 | OUT: 0000 0000 0000 0000 0000 0000 0000 0000 0000 0000 0000 0000 0000 0000 0000 0000

--- 新增 Trail #4 ---
Round 00 | IN:  0000 0000 0000 0000 0000 0000 0000 0000 0000 0000 0000 0000 0000 0000 0000 0000
Round 00 | OUT: 0001 0000 0000 0000 0000 1000 0000 0000 0000 0000 0000 0000 0000 0000 0000 0000
Round 01 | IN:  0000 0000 0000 0000 0000 0000 0000 0000 0001 1000 0000 0000 0000 0000 0000 0000
Round 01 | OUT: 0000 0000 0000 0000 0000 0000 0000 0000 1000 0101 0000 0000 0000 0000 0000 0000
Round 02 | IN:  0000 0000 0000 0000 0000 0000 0001 0000 0000 0000 0000 0000 0000 0000 1100 0000
Round 02 | OUT: 0000 0000 0000 0000 0000 0000 0000 0000 0000 0000 0000 0000 0000 0000 0000 0000
Round 03 | IN:  0000 0000 0000 0000 0000 0000 0000 0000 0000 0000 0000 0000 0000 0000 0000 0000
Round 03 | OUT: 0000 0000 0000 0000 0000 0000 0000 0000 0000 0000 0000 0000 0000 0000 0000 0000

--- 新增 Trail #5 ---
Round 00 | IN:  0000 0000 0000 0000 0000 0000 0000 0000 0000 0000 0000 0000 0000 0000 0000 0000
Round 00 | OUT: 0000 0000 0000 0000 0000 1000 0000 0000 0000 0000 0000 0000 0000 0000 0000 0001
Round 01 | IN:  0000 0000 0000 0000 0000 0000 0000 0000 0000 1000 0000 0000 0000 0000 0000 0001
Round 01 | OUT: 0000 0000 0000 0000 0000 0000 0000 0000 0000 0101 0000 0000 0000 0000 0000 1000
Round 02 | IN:  0000 0000 0000 1000 0000 0000 0001 0000 0000 0000 0000 0000 0000 0000 0100 0000
Round 02 | OUT: 0000 0000 0000 0000 0000 0000 0000 0000 0000 0000 0000 0000 0000 0000 0000 0000
Round 03 | IN:  0000 0000 0000 0000 0000 0000 0000 0000 0000 0000 0000 0000 0000 0000 0000 0000
Round 03 | OUT: 0000 0000 0000 0000 0000 0000 0000 0000 0000 0000 0000 0000 0000 0000 0000 0000

--- 新增 Trail #6 ---
Round 00 | IN:  0000 0000 0000 0000 0000 0000 0000 0000 0000 0000 0000 0000 0000 0000 0000 0000
Round 00 | OUT: 0001 0000 0000 0000 0000 0000 0000 0000 0000 0000 0000 0000 0000 0000 0000 0001
Round 01 | IN:  0000 0000 0000 0000 0000 0000 0000 0000 0001 0000 0000 0000 0000 0000 0000 0001
Round 01 | OUT: 0000 0000 0000 0000 0000 0000 0000 0000 1000 0000 0000 0000 0000 0000 0000 1000
Round 02 | IN:  0000 0000 0000 1000 0000 0000 0000 0000 0000 0000 0000 0000 0000 0000 1000 0000
Round 02 | OUT: 0000 0000 0000 0000 0000 0000 0000 0000 0000 0000 0000 0000 0000 0000 0000 0000
Round 03 | IN:  0000 0000 0000 0000 0000 0000 0000 0000 0000 0000 0000 0000 0000 0000 0000 0000
Round 03 | OUT: 0000 0000 0000 0000 0000 0000 0000 0000 0000 0000 0000 0000 0000 0000 0000 0000

--- 新增 Trail #7 ---
Round 00 | IN:  0000 0000 0000 0000 0000 0000 0000 0000 0000 0000 0000 0000 0000 0000 0000 0000
Round 00 | OUT: 0001 1000 0000 0000 0000 1000 0000 0000 0000 0000 0000 0000 0000 0000 0000 0000
Round 01 | IN:  0000 0000 0000 0000 0000 0000 0000 0000 1001 1000 0000 0000 0000 0000 0000 0000
Round 01 | OUT: 0000 0000 0000 0000 0000 0000 0000 0000 1000 0101 0000 0000 0000 0000 0000 0000
Round 02 | IN:  0000 0000 0000 0000 0000 0000 0001 0000 0000 0000 0000 0000 0000 0000 1100 0000
Round 02 | OUT: 0000 0000 0000 0000 0000 0000 0000 0000 0000 0000 0000 0000 0000 0000 0000 0000
Round 03 | IN:  0000 0000 0000 0000 0000 0000 0000 0000 0000 0000 0000 0000 0000 0000 0000 0000
Round 03 | OUT: 0000 0000 0000 0000 0000 0000 0000 0000 0000 0000 0000 0000 0000 0000 0000 0000

--- 新增 Trail #8 ---
Round 00 | IN:  0000 0000 0000 0000 0000 0000 0000 0000 0000 0000 0000 0000 0000 0000 0000 0000
Round 00 | OUT: 0001 1000 0000 0000 0000 0000 0000 0000 0000 0000 0000 0000 0000 0000 0000 0001
Round 01 | IN:  0000 0000 0000 0000 0000 0000 0000 0000 1001 0000 0000 0000 0000 0000 0000 0001
Round 01 | OUT: 0000 0000 0000 0000 0000 0000 0000 0000 1000 0000 0000 0000 0000 0000 0000 1000
Round 02 | IN:  0000 0000 0000 1000 0000 0000 0000 0000 0000 0000 0000 0000 0000 0000 1000 0000
Round 02 | OUT: 0000 0000 0000 0000 0000 0000 0000 0000 0000 0000 0000 0000 0000 0000 0000 0000
Round 03 | IN:  0000 0000 0000 0000 0000 0000 0000 0000 0000 0000 0000 0000 0000 0000 0000 0000
Round 03 | OUT: 0000 0000 0000 0000 0000 0000 0000 0000 0000 0000 0000 0000 0000 0000 0000 0000

--- 新增 Trail #9 ---
Round 00 | IN:  0000 0000 0000 0000 0000 0000 0000 0000 0000 0000 0000 0000 0000 0000 0000 0000
Round 00 | OUT: 0001 1000 0000 0000 0000 0000 0000 0000 0000 0000 0000 0000 0000 0000 0000 0000
Round 01 | IN:  0000 0000 0000 0000 0000 0000 0000 0000 1001 0000 0000 0000 0000 0000 0000 0000
Round 01 | OUT: 0000 0000 0000 0000 0000 0000 0000 0000 1000 0000 0000 0000 0000 0001 0000 0000
Round 02 | IN:  0000 0000 0000 0000 0000 0000 0000 0001 0000 0000 0000 0000 0000 0000 1000 0000
Round 02 | OUT: 0000 0000 0000 0000 0000 0000 0000 1000 0000 0000 0000 0000 0000 0000 0000 0000
Round 03 | IN:  0000 1000 0000 0000 0000 0000 0000 0000 0000 0000 0000 0000 0000 0000 0000 0000
Round 03 | OUT: 0000 0000 0000 0000 0000 0000 0000 0000 0000 0000 0000 0000 0000 0000 0000 0000

--- 新增 Trail #10 ---
Round 00 | IN:  0000 0000 0000 0000 0000 0000 0000 0000 0000 0000 0000 0000 0000 0000 0000 0000
Round 00 | OUT: 0000 0000 0000 0000 0000 0000 0000 0000 0000 0000 0000 0000 0000 0000 0000 0000
Round 01 | IN:  0000 0000 0000 0000 0000 0000 0000 0000 0000 0000 0000 0000 0000 0000 0000 0000
Round 01 | OUT: 0000 0000 0000 0000 0000 0000 0000 0000 0000 0000 0000 0000 1000 0100 0000 0000
Round 02 | IN:  0000 0000 0000 0000 0000 0000 0000 0000 0000 0000 0000 0000 0000 0000 0000 1100
Round 02 | OUT: 0000 0000 0000 0000 0000 0000 0000 0000 0000 0000 0000 0000 0000 0000 0000 0010
Round 03 | IN:  0000 0000 0000 0000 0000 0000 0000 0000 0000 0000 0000 0010 0000 0000 0000 0000
Round 03 | OUT: 0000 0000 0000 0000 0000 0000 0000 0000 0000 0000 0000 0000 0000 0000 0000 0000

--- 新增 Trail #11 ---
Round 00 | IN:  0000 0000 0000 0000 0000 0000 0000 0000 0000 0000 0000 0000 0000 0000 0000 0000
Round 00 | OUT: 0000 0000 0000 0000 0000 0000 0000 0000 0000 0000 0000 0000 0000 0000 0000 0000
Round 01 | IN:  0000 0000 0000 0000 0000 0000 0000 0000 0000 0000 0000 0000 0000 0000 0000 0000
Round 01 | OUT: 0000 0000 0000 0000 0000 0000 0000 0000 0000 0000 0000 0000 0000 0001 0000 0000
Round 02 | IN:  0000 0000 0000 0000 0000 0000 0000 0001 0000 0000 0000 0000 0000 0000 0000 0000
Round 02 | OUT: 0000 0000 0000 0000 0000 0000 0000 1011 0000 0000 0000 0000 0000 0000 0000 0000
Round 03 | IN:  0000 1000 0000 0000 0000 0000 0000 0000 0000 0010 0000 0000 0000 0001 0000 0000
Round 03 | OUT: 0000 0000 0000 0000 0000 0000 0000 0000 0000 0000 0000 0000 0000 0000 0000 0000

--- 新增 Trail #12 ---
Round 00 | IN:  0000 0000 0000 0000 0000 0000 0000 0000 0000 0000 0000 0000 0000 0000 0000 0000
Round 00 | OUT: 0000 0000 0000 0000 0000 0000 0000 0000 0000 0000 0000 0000 0000 0000 0000 0000
Round 01 | IN:  0000 0000 0000 0000 0000 0000 0000 0000 0000 0000 0000 0000 0000 0000 0000 0000
Round 01 | OUT: 0000 0000 0000 0000 0000 0000 0000 0000 0000 0000 0000 0000 1000 0100 0000 0000
Round 02 | IN:  0000 0000 0000 0000 0000 0000 0000 0000 0000 0000 0000 0000 0000 0000 0000 1100
Round 02 | OUT: 0000 0000 0000 0000 0000 0000 0000 0000 0000 0000 0000 0000 0000 0000 0000 1010
Round 03 | IN:  0000 0000 0000 1000 0000 0000 0000 0000 0000 0000 0000 0010 0000 0000 0000 0000
Round 03 | OUT: 0000 0000 0000 0000 0000 0000 0000 0000 0000 0000 0000 0000 0000 0000 0000 0000

在本层级共发现 12 个全新的 quasi-trail。

