   0    0    0    0  |    0    0    0    0  |    0    0    0    0  |    0    0    0    0  |    0    0    0    0  |    0    0    0    0  | 
   0    0    0    0  |    0    0    0    0  |    0    0    0    0  |    0    0    0    0  |    0    0    0    0  |    0    0    0    0  | 
   0    0    0    0  |    0    0    0    0  |    0    0    0    0  |    0    0    0    0  |    0    0    0    0  |    0    0    0    0  | 
   0    0    0    0  |    0    0    0    0  |    0    0    0    0  |    0    0    0    0  |    0    0    0    0  |    0    0    0    0  | 
------------------------
   0    0    0    0  |    0    0  0x4    0  |    0    0    0    0  |    0    0    0    0  |    0    0    0    0  |    0    0    0    0  | 
   0    0    0    0  |    0    0    0    0  |    0    0  0x4    0  |    0    0    0    0  |    0    0    0    0  |    0    0    0    0  | 
   0    0    0    0  |    0    0    0    0  |    0    0    0    0  |    0    0    0    0  |    0    0    0    0  |    0    0    0    0  | 
   0    0    0    0  |    0    0    0    0  |    0    0    0    0  |    0    0    0    0  |    0    0    0    0  |    0    0    0    0  | 
------------------------
   0    0    0    0  |    0    0  0x5    0  |    0    0    0    0  |    0    0    0    0  |    0    0    0    0  |    0    0    0    0  | 
   0    0    0    0  |    0    0    0    0  |    0    0  0x5    0  |    0    0    0    0  |    0    0    0    0  |    0    0    0    0  | 
   0    0    0    0  |    0    0    0    0  |    0    0    0    0  |    0    0    0    0  |    0    0    0    0  |    0    0    0    0  | 
   0    0    0    0  |    0    0    0    0  |    0    0    0    0  |    0    0    0    0  |    0    0    0    0  |    0    0    0    0  | 
------------------------
   0    0    0    0  |    0    0  0x1    0  |    0    0    0    0  |    0    0    0    0  |    0    0    0    0  |    0    0    0    0  | 
   0    0    0    0  |    0    0    0    0  |    0    0  0x1    0  |    0    0    0    0  |    0    0    0    0  |    0    0    0    0  | 
   0    0    0    0  |    0    0    0    0  |    0    0    0    0  |    0    0    0    0  |    0    0    0    0  |    0    0    0    0  | 
   0    0    0    0  |    0    0    0    0  |    0    0    0    0  |    0    0    0    0  |    0    0    0    0  |    0    0    0    0  | 
------------------------
   0    0    0    0  |    0    0    0    0  |    0    0    0  0x4  |    0    0    0  0x2  |    0    0    0    0  |    0    0    0    0  | 
   0    0    0    0  |    0    0    0    0  |    0    0    0    0  |    0    0    0    0  |    0    0    0    0  |    0    0    0    0  | 
   0    0    0    0  |    0    0    0    0  |    0    0    0    0  |    0  0x2    0    0  |    0    0    0    0  |    0    0    0    0  | 
   0    0    0    0  |  0x4    0    0    0  |    0    0    0  0x4  |    0    0    0    0  |    0    0    0  0x2  |    0    0    0    0  | 
------------------------
   0    0    0    0  |    0    0    0    0  |    0    0    0  0x1  |    0    0    0  0x8  |    0    0    0    0  |    0    0    0    0  | 
   0    0    0    0  |    0    0    0    0  |    0    0    0    0  |    0    0    0    0  |    0    0    0    0  |    0    0    0    0  | 
   0    0    0    0  |    0    0    0    0  |    0    0    0    0  |    0  0x8    0    0  |    0    0    0    0  |    0    0    0    0  | 
   0    0    0    0  |  0x1    0    0    0  |    0    0    0  0x1  |    0    0    0    0  |    0    0    0  0x8  |    0    0    0    0  | 
------------------------
   0    0    0    0  |    0    0  0x1    0  |    0    0    0  0x1  |    0    0    0  0x8  |    0    0    0    0  |    0    0    0    0  | 
   0    0    0    0  |    0    0    0    0  |    0    0  0x1    0  |    0    0    0    0  |    0    0    0    0  |    0    0    0    0  | 
   0    0    0    0  |    0    0    0    0  |    0    0    0    0  |    0  0x8    0    0  |    0    0    0    0  |    0    0    0    0  | 
   0    0    0    0  |  0x1    0    0    0  |    0    0    0  0x1  |    0    0    0    0  |    0    0    0  0x8  |    0    0    0    0  | 
------------------------
   0    0    0    0  |    0    0    0    0  |    0    0    0  0x5  |    0    0    0  0x8  |    0    0    0    0  |    0    0    0    0  | 
   0    0    0    0  |    0    0    0    0  |    0    0    0    0  |    0    0    0    0  |    0    0    0    0  |    0    0    0    0  | 
   0    0    0    0  |    0    0    0    0  |    0    0    0    0  |    0  0x8    0    0  |    0    0    0    0  |    0    0    0    0  | 
   0    0    0    0  |  0x5    0    0    0  |    0    0    0  0x5  |    0    0    0    0  |    0    0    0  0x8  |    0    0    0    0  | 
------------------------
   0    0    0    0  |    0    0    0    0  |    0    0    0  0x4  |    0    0    0  0xa  |    0    0    0    0  |    0    0    0    0  | 
   0    0    0    0  |    0    0    0    0  |    0    0    0    0  |    0    0    0    0  |    0    0    0    0  |    0    0    0    0  | 
   0    0    0    0  |    0    0    0    0  |    0    0    0    0  |    0  0xa    0    0  |    0    0    0    0  |    0    0    0    0  | 
   0    0    0    0  |  0x4    0    0    0  |    0    0    0  0x4  |    0    0    0    0  |    0    0    0  0xa  |    0    0    0    0  | 
------------------------
   0    0    0    0  |    0    0  0x1    0  |    0    0    0  0x4  |    0    0    0  0x2  |    0    0    0    0  |    0    0    0    0  | 
   0    0    0    0  |    0    0    0    0  |    0    0  0x1    0  |    0    0    0    0  |    0    0    0    0  |    0    0    0    0  | 
   0    0    0    0  |    0    0    0    0  |    0    0    0    0  |    0  0x2    0    0  |    0    0    0    0  |    0    0    0    0  | 
   0    0    0    0  |  0x4    0    0    0  |    0    0    0  0x4  |    0    0    0    0  |    0    0    0  0x2  |    0    0    0    0  | 
------------------------
   0    0    0    0  |    0    0  0x5    0  |    0    0    0  0x5  |    0    0    0  0x8  |    0    0    0    0  |    0    0    0    0  | 
   0    0    0    0  |    0    0    0    0  |    0    0  0x5    0  |    0    0    0    0  |    0    0    0    0  |    0    0    0    0  | 
   0    0    0    0  |    0    0    0    0  |    0    0    0    0  |    0  0x8    0    0  |    0    0    0    0  |    0    0    0    0  | 
   0    0    0    0  |  0x5    0    0    0  |    0    0    0  0x5  |    0    0    0    0  |    0    0    0  0x8  |    0    0    0    0  | 
------------------------
   0    0    0    0  |    0    0  0x4    0  |    0    0    0  0x5  |    0    0    0  0x8  |    0    0    0    0  |    0    0    0    0  | 
   0    0    0    0  |    0    0    0    0  |    0    0  0x4    0  |    0    0    0    0  |    0    0    0    0  |    0    0    0    0  | 
   0    0    0    0  |    0    0    0    0  |    0    0    0    0  |    0  0x8    0    0  |    0    0    0    0  |    0    0    0    0  | 
   0    0    0    0  |  0x5    0    0    0  |    0    0    0  0x5  |    0    0    0    0  |    0    0    0  0x8  |    0    0    0    0  | 
------------------------
   0    0    0    0  |    0    0  0x1    0  |    0    0    0  0x4  |    0    0    0  0xa  |    0    0    0    0  |    0    0    0    0  | 
   0    0    0    0  |    0    0    0    0  |    0    0  0x1    0  |    0    0    0    0  |    0    0    0    0  |    0    0    0    0  | 
   0    0    0    0  |    0    0    0    0  |    0    0    0    0  |    0  0xa    0    0  |    0    0    0    0  |    0    0    0    0  | 
   0    0    0    0  |  0x4    0    0    0  |    0    0    0  0x4  |    0    0    0    0  |    0    0    0  0xa  |    0    0    0    0  | 
------------------------
   0    0    0    0  |    0    0  0x1    0  |    0    0    0  0x5  |    0    0    0  0x8  |    0    0    0    0  |    0    0    0    0  | 
   0    0    0    0  |    0    0    0    0  |    0    0  0x1    0  |    0    0    0    0  |    0    0    0    0  |    0    0    0    0  | 
   0    0    0    0  |    0    0    0    0  |    0    0    0    0  |    0  0x8    0    0  |    0    0    0    0  |    0    0    0    0  | 
   0    0    0    0  |  0x5    0    0    0  |    0    0    0  0x5  |    0    0    0    0  |    0    0    0  0x8  |    0    0    0    0  | 
------------------------
   0    0    0    0  |    0    0  0x5    0  |    0    0    0  0x4  |    0    0    0  0x2  |    0    0    0    0  |    0    0    0    0  | 
   0    0    0    0  |    0    0    0    0  |    0    0  0x5    0  |    0    0    0    0  |    0    0    0    0  |    0    0    0    0  | 
   0    0    0    0  |    0    0    0    0  |    0    0    0    0  |    0  0x2    0    0  |    0    0    0    0  |    0    0    0    0  | 
   0    0    0    0  |  0x4    0    0    0  |    0    0    0  0x4  |    0    0    0    0  |    0    0    0  0x2  |    0    0    0    0  | 
------------------------
   0    0    0    0  |    0    0  0x5    0  |    0    0    0  0x1  |    0    0    0  0x8  |    0    0    0    0  |    0    0    0    0  | 
   0    0    0    0  |    0    0    0    0  |    0    0  0x5    0  |    0    0    0    0  |    0    0    0    0  |    0    0    0    0  | 
   0    0    0    0  |    0    0    0    0  |    0    0    0    0  |    0  0x8    0    0  |    0    0    0    0  |    0    0    0    0  | 
   0    0    0    0  |  0x1    0    0    0  |    0    0    0  0x1  |    0    0    0    0  |    0    0    0  0x8  |    0    0    0    0  | 
------------------------
   0    0    0    0  |    0    0  0x4    0  |    0    0    0  0x4  |    0    0    0  0x2  |    0    0    0    0  |    0    0    0    0  | 
   0    0    0    0  |    0    0    0    0  |    0    0  0x4    0  |    0    0    0    0  |    0    0    0    0  |    0    0    0    0  | 
   0    0    0    0  |    0    0    0    0  |    0    0    0    0  |    0  0x2    0    0  |    0    0    0    0  |    0    0    0    0  | 
   0    0    0    0  |  0x4    0    0    0  |    0    0    0  0x4  |    0    0    0    0  |    0    0    0  0x2  |    0    0    0    0  | 
------------------------
   0    0    0    0  |    0    0  0x4    0  |    0    0    0  0x4  |    0    0    0  0xa  |    0    0    0    0  |    0    0    0    0  | 
   0    0    0    0  |    0    0    0    0  |    0    0  0x4    0  |    0    0    0    0  |    0    0    0    0  |    0    0    0    0  | 
   0    0    0    0  |    0    0    0    0  |    0    0    0    0  |    0  0xa    0    0  |    0    0    0    0  |    0    0    0    0  | 
   0    0    0    0  |  0x4    0    0    0  |    0    0    0  0x4  |    0    0    0    0  |    0    0    0  0xa  |    0    0    0    0  | 
------------------------
   0    0    0    0  |    0    0  0x4    0  |    0    0    0  0x1  |    0    0    0  0x8  |    0    0    0    0  |    0    0    0    0  | 
   0    0    0    0  |    0    0    0    0  |    0    0  0x4    0  |    0    0    0    0  |    0    0    0    0  |    0    0    0    0  | 
   0    0    0    0  |    0    0    0    0  |    0    0    0    0  |    0  0x8    0    0  |    0    0    0    0  |    0    0    0    0  | 
   0    0    0    0  |  0x1    0    0    0  |    0    0    0  0x1  |    0    0    0    0  |    0    0    0  0x8  |    0    0    0    0  | 
------------------------
   0    0    0    0  |    0    0  0x5    0  |    0    0    0  0x4  |    0    0    0  0xa  |    0    0    0    0  |    0    0    0    0  | 
   0    0    0    0  |    0    0    0    0  |    0    0  0x5    0  |    0    0    0    0  |    0    0    0    0  |    0    0    0    0  | 
   0    0    0    0  |    0    0    0    0  |    0    0    0    0  |    0  0xa    0    0  |    0    0    0    0  |    0    0    0    0  | 
   0    0    0    0  |  0x4    0    0    0  |    0    0    0  0x4  |    0    0    0    0  |    0    0    0  0xa  |    0    0    0    0  | 
------------------------
   0    0    0    0  |    0    0    0    0  |    0    0    0  0x5  |    0    0    0  0x2  |    0    0    0    0  |    0    0    0    0  | 
   0    0    0    0  |    0    0    0    0  |    0    0    0    0  |    0    0    0    0  |    0    0    0    0  |    0    0    0    0  | 
   0    0    0    0  |    0    0    0    0  |    0    0    0    0  |    0  0x2    0    0  |    0    0    0    0  |    0    0    0    0  | 
   0    0    0    0  |  0x5    0    0    0  |    0    0    0  0x5  |    0    0    0    0  |    0    0    0  0x2  |    0    0    0    0  | 
------------------------
   0    0    0    0  |    0    0  0x1    0  |    0    0    0  0x1  |    0    0    0  0x2  |    0    0    0    0  |    0    0    0    0  | 
   0    0    0    0  |    0    0    0    0  |    0    0  0x1    0  |    0    0    0    0  |    0    0    0    0  |    0    0    0    0  | 
   0    0    0    0  |    0    0    0    0  |    0    0    0    0  |    0  0x2    0    0  |    0    0    0    0  |    0    0    0    0  | 
   0    0    0    0  |  0x1    0    0    0  |    0    0    0  0x1  |    0    0    0    0  |    0    0    0  0x2  |    0    0    0    0  | 
------------------------
   0    0    0    0  |    0    0    0    0  |    0    0    0  0x1  |    0    0    0  0xa  |    0    0    0    0  |    0    0    0    0  | 
   0    0    0    0  |    0    0    0    0  |    0    0    0    0  |    0    0    0    0  |    0    0    0    0  |    0    0    0    0  | 
   0    0    0    0  |    0    0    0    0  |    0    0    0    0  |    0  0xa    0    0  |    0    0    0    0  |    0    0    0    0  | 
   0    0    0    0  |  0x1    0    0    0  |    0    0    0  0x1  |    0    0    0    0  |    0    0    0  0xa  |    0    0    0    0  | 
------------------------
   0    0    0    0  |    0    0    0    0  |    0    0    0  0x5  |    0    0    0  0xa  |    0    0    0    0  |    0    0    0    0  | 
   0    0    0    0  |    0    0    0    0  |    0    0    0    0  |    0    0    0    0  |    0    0    0    0  |    0    0    0    0  | 
   0    0    0    0  |    0    0    0    0  |    0    0    0    0  |    0  0xa    0    0  |    0    0    0    0  |    0    0    0    0  | 
   0    0    0    0  |  0x5    0    0    0  |    0    0    0  0x5  |    0    0    0    0  |    0    0    0  0xa  |    0    0    0    0  | 
------------------------
   0    0    0    0  |    0    0    0    0  |    0    0    0  0x1  |    0    0    0  0x2  |    0    0    0    0  |    0    0    0    0  | 
   0    0    0    0  |    0    0    0    0  |    0    0    0    0  |    0    0    0    0  |    0    0    0    0  |    0    0    0    0  | 
   0    0    0    0  |    0    0    0    0  |    0    0    0    0  |    0  0x2    0    0  |    0    0    0    0  |    0    0    0    0  | 
   0    0    0    0  |  0x1    0    0    0  |    0    0    0  0x1  |    0    0    0    0  |    0    0    0  0x2  |    0    0    0    0  | 
------------------------
   0    0    0    0  |    0    0  0x1    0  |    0    0    0  0x1  |    0    0    0  0xa  |    0    0    0    0  |    0    0    0    0  | 
   0    0    0    0  |    0    0    0    0  |    0    0  0x1    0  |    0    0    0    0  |    0    0    0    0  |    0    0    0    0  | 
   0    0    0    0  |    0    0    0    0  |    0    0    0    0  |    0  0xa    0    0  |    0    0    0    0  |    0    0    0    0  | 
   0    0    0    0  |  0x1    0    0    0  |    0    0    0  0x1  |    0    0    0    0  |    0    0    0  0xa  |    0    0    0    0  | 
------------------------
   0    0    0    0  |    0    0  0x4    0  |    0    0    0  0x5  |    0    0    0  0x2  |    0    0    0    0  |    0    0    0    0  | 
   0    0    0    0  |    0    0    0    0  |    0    0  0x4    0  |    0    0    0    0  |    0    0    0    0  |    0    0    0    0  | 
   0    0    0    0  |    0    0    0    0  |    0    0    0    0  |    0  0x2    0    0  |    0    0    0    0  |    0    0    0    0  | 
   0    0    0    0  |  0x5    0    0    0  |    0    0    0  0x5  |    0    0    0    0  |    0    0    0  0x2  |    0    0    0    0  | 
------------------------
   0    0    0    0  |    0    0  0x5    0  |    0    0    0  0x5  |    0    0    0  0x2  |    0    0    0    0  |    0    0    0    0  | 
   0    0    0    0  |    0    0    0    0  |    0    0  0x5    0  |    0    0    0    0  |    0    0    0    0  |    0    0    0    0  | 
   0    0    0    0  |    0    0    0    0  |    0    0    0    0  |    0  0x2    0    0  |    0    0    0    0  |    0    0    0    0  | 
   0    0    0    0  |  0x5    0    0    0  |    0    0    0  0x5  |    0    0    0    0  |    0    0    0  0x2  |    0    0    0    0  | 
------------------------
   0    0    0    0  |    0    0  0x1    0  |    0    0    0  0x5  |    0    0    0  0x2  |    0    0    0    0  |    0    0    0    0  | 
   0    0    0    0  |    0    0    0    0  |    0    0  0x1    0  |    0    0    0    0  |    0    0    0    0  |    0    0    0    0  | 
   0    0    0    0  |    0    0    0    0  |    0    0    0    0  |    0  0x2    0    0  |    0    0    0    0  |    0    0    0    0  | 
   0    0    0    0  |  0x5    0    0    0  |    0    0    0  0x5  |    0    0    0    0  |    0    0    0  0x2  |    0    0    0    0  | 
------------------------
   0    0    0    0  |    0    0  0x1    0  |    0    0    0  0x5  |    0    0    0  0xa  |    0    0    0    0  |    0    0    0    0  | 
   0    0    0    0  |    0    0    0    0  |    0    0  0x1    0  |    0    0    0    0  |    0    0    0    0  |    0    0    0    0  | 
   0    0    0    0  |    0    0    0    0  |    0    0    0    0  |    0  0xa    0    0  |    0    0    0    0  |    0    0    0    0  | 
   0    0    0    0  |  0x5    0    0    0  |    0    0    0  0x5  |    0    0    0    0  |    0    0    0  0xa  |    0    0    0    0  | 
------------------------
   0    0    0    0  |    0    0  0x4    0  |    0    0    0  0x1  |    0    0    0  0x2  |    0    0    0    0  |    0    0    0    0  | 
   0    0    0    0  |    0    0    0    0  |    0    0  0x4    0  |    0    0    0    0  |    0    0    0    0  |    0    0    0    0  | 
   0    0    0    0  |    0    0    0    0  |    0    0    0    0  |    0  0x2    0    0  |    0    0    0    0  |    0    0    0    0  | 
   0    0    0    0  |  0x1    0    0    0  |    0    0    0  0x1  |    0    0    0    0  |    0    0    0  0x2  |    0    0    0    0  | 
------------------------
   0    0    0    0  |    0    0  0x4    0  |    0    0    0  0x1  |    0    0    0  0xa  |    0    0    0    0  |    0    0    0    0  | 
   0    0    0    0  |    0    0    0    0  |    0    0  0x4    0  |    0    0    0    0  |    0    0    0    0  |    0    0    0    0  | 
   0    0    0    0  |    0    0    0    0  |    0    0    0    0  |    0  0xa    0    0  |    0    0    0    0  |    0    0    0    0  | 
   0    0    0    0  |  0x1    0    0    0  |    0    0    0  0x1  |    0    0    0    0  |    0    0    0  0xa  |    0    0    0    0  | 
------------------------
   0    0    0    0  |    0    0  0x5    0  |    0    0    0  0x1  |    0    0    0  0x2  |    0    0    0    0  |    0    0    0    0  | 
   0    0    0    0  |    0    0    0    0  |    0    0  0x5    0  |    0    0    0    0  |    0    0    0    0  |    0    0    0    0  | 
   0    0    0    0  |    0    0    0    0  |    0    0    0    0  |    0  0x2    0    0  |    0    0    0    0  |    0    0    0    0  | 
   0    0    0    0  |  0x1    0    0    0  |    0    0    0  0x1  |    0    0    0    0  |    0    0    0  0x2  |    0    0    0    0  | 
------------------------
   0    0    0    0  |    0    0  0x5    0  |    0    0    0  0x5  |    0    0    0  0xa  |    0    0    0    0  |    0    0    0    0  | 
   0    0    0    0  |    0    0    0    0  |    0    0  0x5    0  |    0    0    0    0  |    0    0    0    0  |    0    0    0    0  | 
   0    0    0    0  |    0    0    0    0  |    0    0    0    0  |    0  0xa    0    0  |    0    0    0    0  |    0    0    0    0  | 
   0    0    0    0  |  0x5    0    0    0  |    0    0    0  0x5  |    0    0    0    0  |    0    0    0  0xa  |    0    0    0    0  | 
------------------------
   0    0    0    0  |    0    0  0x4    0  |    0    0    0  0x5  |    0    0    0  0xa  |    0    0    0    0  |    0    0    0    0  | 
   0    0    0    0  |    0    0    0    0  |    0    0  0x4    0  |    0    0    0    0  |    0    0    0    0  |    0    0    0    0  | 
   0    0    0    0  |    0    0    0    0  |    0    0    0    0  |    0  0xa    0    0  |    0    0    0    0  |    0    0    0    0  | 
   0    0    0    0  |  0x5    0    0    0  |    0    0    0  0x5  |    0    0    0    0  |    0    0    0  0xa  |    0    0    0    0  | 
------------------------
   0    0    0    0  |    0    0  0x5    0  |    0    0    0  0x1  |    0    0    0  0xa  |    0    0    0    0  |    0    0    0    0  | 
   0    0    0    0  |    0    0    0    0  |    0    0  0x5    0  |    0    0    0    0  |    0    0    0    0  |    0    0    0    0  | 
   0    0    0    0  |    0    0    0    0  |    0    0    0    0  |    0  0xa    0    0  |    0    0    0    0  |    0    0    0    0  | 
   0    0    0    0  |  0x1    0    0    0  |    0    0    0  0x1  |    0    0    0    0  |    0    0    0  0xa  |    0    0    0    0  | 
------------------------
