   0    0    0    0  |    0    0    0    0  |    0    0    0    0  |    0    0    0    0  |    0    0    0    0  |    0    0    0    0  |    0    0    0    0  |    0    0    0    0  |    0    0    0    0  |    0    0    0    0  |    0    0    0    0  |    0    0    0    0  |    0    0    0    0  |    0    0    0    0  |    0    0    0    0  |    0    0    0    0  |    0    0    0    0  |    0    0    0    0  |    0    0    0    0  |    0    0    0    0  |    0    0    0    0  |    0    0    0    0  |    0    0    0    0  |    0    0    0    0  |    0    0    0    0  |    0    0    0    0  | 
   0    0    0    0  |    0    0    0    0  |    0    0    0    0  |    0    0    0    0  |    0    0    0    0  |    0    0    0    0  |    0    0    0    0  |    0    0    0    0  |    0    0    0    0  |    0    0    0    0  |    0    0    0    0  |    0    0    0    0  |    0    0    0    0  |    0    0    0    0  |    0    0    0    0  |    0    0    0    0  |    0    0    0    0  |    0    0    0    0  |    0    0    0    0  |    0    0    0    0  |    0    0    0    0  |    0    0    0    0  |    0    0    0    0  |    0    0    0    0  |    0    0    0    0  |    0    0    0    0  | 
   0    0    0    0  |    0    0    0    0  |    0    0    0    0  |    0    0    0    0  |    0    0    0    0  |    0    0    0    0  |    0    0    0    0  |    0    0    0    0  |    0    0    0    0  |    0    0    0    0  |    0    0    0    0  |    0    0    0    0  |    0    0    0    0  |    0    0    0    0  |    0    0    0    0  |    0    0    0    0  |    0    0    0    0  |    0    0    0    0  |    0    0    0    0  |    0    0    0    0  |    0    0    0    0  |    0    0    0    0  |    0    0    0    0  |    0    0    0    0  |    0    0    0    0  |    0    0    0    0  | 
   0    0    0    0  |    0    0    0    0  |    0    0    0    0  |    0    0    0    0  |    0    0    0    0  |    0    0    0    0  |    0    0    0    0  |    0    0    0    0  |    0    0    0    0  |    0    0    0    0  |    0    0    0    0  |    0    0    0    0  |    0    0    0    0  |    0    0    0    0  |    0    0    0    0  |    0    0    0    0  |    0    0    0    0  |    0    0    0    0  |    0    0    0    0  |    0    0    0    0  |    0    0    0    0  |    0    0    0    0  |    0    0    0    0  |    0    0    0    0  |    0    0    0    0  |    0    0    0    0  | 
------------------------
   0    0    0    0  |    0    0    0    0  |    0    0    0    0  |    0    0    0    0  |    0    0    0    0  |    0    0    0    0  |    0    0    0    0  |    0    0    0    0  |    0    0    0    0  |    0    0    0    0  |    0    0    0    0  |    0    0    0    0  |    0    0    0  0x8  |    0    0    0    0  |    0    0    0    0  |    0    0    0    0  |    0    0    0    0  |    0    0    0    0  |    0    0    0    0  |    0    0    0    0  |    0    0    0    0  |    0    0    0    0  |    0    0    0    0  |    0    0    0    0  |    0    0    0    0  |    0    0    0    0  | 
   0    0    0    0  |    0    0    0    0  |    0    0    0    0  |    0    0    0    0  |    0    0    0    0  |    0    0    0    0  |    0    0    0    0  |    0    0    0    0  |    0    0    0    0  |    0    0    0    0  |    0    0    0    0  |    0    0    0    0  |    0    0    0  0x8  |    0    0    0    0  |    0    0    0    0  |    0    0    0    0  |    0    0    0    0  |    0    0    0    0  |    0    0    0    0  |    0    0    0    0  |    0    0    0    0  |    0    0    0    0  |    0    0    0    0  |    0    0    0    0  |    0    0    0    0  |    0    0    0    0  | 
   0    0    0    0  |    0    0    0    0  |    0    0    0    0  |    0    0    0    0  |    0    0    0    0  |    0    0    0    0  |    0    0    0    0  |    0    0    0    0  |    0    0    0    0  |    0    0    0    0  |    0    0    0    0  |    0  0x8    0    0  |    0    0    0    0  |    0    0    0    0  |    0    0    0    0  |    0    0    0    0  |    0    0    0    0  |    0    0    0    0  |    0    0    0    0  |    0    0    0    0  |    0    0    0    0  |    0    0    0    0  |    0    0    0    0  |    0    0    0    0  |    0    0    0    0  |    0    0    0    0  | 
   0    0    0    0  |    0    0    0    0  |    0    0    0    0  |    0    0    0    0  |    0    0    0    0  |    0    0    0    0  |    0    0    0    0  |    0    0    0    0  |    0    0    0    0  |    0    0    0    0  |    0    0    0    0  |  0x8    0    0    0  |    0    0    0    0  |    0    0    0    0  |    0    0    0    0  |    0    0    0    0  |    0    0    0    0  |    0    0    0    0  |    0    0    0    0  |    0    0    0    0  |    0    0    0    0  |    0    0    0    0  |    0    0    0    0  |    0    0    0    0  |    0    0    0    0  |    0    0    0    0  | 
------------------------
   0    0    0    0  |    0    0    0    0  |    0    0    0    0  |    0    0    0    0  |    0    0    0    0  |    0    0    0    0  |    0    0    0    0  |    0    0    0    0  |    0    0    0    0  |    0    0    0    0  |    0    0    0    0  |    0    0    0    0  |    0    0    0    0  |    0    0    0    0  |    0    0    0    0  |    0    0    0    0  |    0    0    0    0  |    0    0    0    0  |    0    0    0    0  |    0    0    0    0  |    0    0    0    0  |    0    0    0    0  |    0    0    0    0  |    0    0    0    0  |    0    0    0    0  |    0    0    0    0  | 
   0    0    0    0  |    0    0    0    0  |    0    0    0    0  |    0    0    0    0  |    0    0    0    0  |    0    0    0    0  |    0    0    0    0  |    0    0    0    0  |    0    0    0    0  |    0    0    0    0  |    0    0    0    0  |    0    0    0    0  |    0    0    0  0x8  |    0    0    0    0  |    0    0    0    0  |    0    0    0    0  |    0    0    0    0  |    0    0    0    0  |    0    0    0    0  |    0    0    0    0  |    0    0    0    0  |    0    0    0    0  |    0    0    0    0  |    0    0    0    0  |    0    0    0    0  |    0    0    0    0  | 
   0    0    0    0  |    0    0    0    0  |    0    0    0    0  |    0    0    0    0  |    0    0    0    0  |    0    0    0    0  |    0    0    0    0  |    0    0    0    0  |    0    0    0    0  |    0    0    0    0  |    0    0    0    0  |    0  0x8    0    0  |    0    0    0    0  |    0    0    0    0  |    0    0    0    0  |    0    0    0    0  |    0    0    0    0  |    0    0    0    0  |    0    0    0    0  |    0    0    0    0  |    0    0    0    0  |    0    0    0    0  |    0    0    0    0  |    0    0    0    0  |    0    0    0    0  |    0    0    0    0  | 
   0    0    0    0  |    0    0    0    0  |    0    0    0    0  |    0    0    0    0  |    0    0    0    0  |    0    0    0    0  |    0    0    0    0  |    0    0    0    0  |    0    0    0    0  |    0    0    0    0  |    0    0    0    0  |    0    0    0    0  |    0    0    0  0x8  |    0    0    0    0  |    0    0    0    0  |    0    0    0    0  |    0    0    0    0  |    0    0    0    0  |    0    0    0    0  |    0    0    0    0  |    0    0    0    0  |    0    0    0    0  |    0    0    0    0  |    0    0    0    0  |    0    0    0    0  |    0    0    0    0  | 
------------------------
   0    0    0    0  |    0    0    0    0  |    0    0    0    0  |    0    0    0    0  |    0    0    0    0  |    0    0    0    0  |    0    0    0    0  |    0    0    0    0  |    0    0    0    0  |    0    0    0    0  |    0    0    0    0  |    0    0    0    0  |    0    0    0  0x8  |    0    0    0    0  |    0    0    0    0  |    0    0    0    0  |    0    0    0    0  |    0    0    0    0  |    0    0    0    0  |    0    0    0    0  |    0    0    0    0  |    0    0    0    0  |    0    0    0    0  |    0    0    0    0  |    0    0    0    0  |    0    0    0    0  | 
   0    0    0    0  |    0    0    0    0  |    0    0    0    0  |    0    0    0    0  |    0    0    0    0  |    0    0    0    0  |    0    0    0    0  |    0    0    0    0  |    0    0    0    0  |    0    0    0    0  |    0    0    0    0  |    0    0    0    0  |    0    0    0    0  |    0    0    0    0  |    0    0    0    0  |    0    0    0    0  |    0    0    0    0  |    0    0    0    0  |    0    0    0    0  |    0    0    0    0  |    0    0    0    0  |    0    0    0    0  |    0    0    0    0  |    0    0    0    0  |    0    0    0    0  |    0    0    0    0  | 
   0    0    0    0  |    0    0    0    0  |    0    0    0    0  |    0    0    0    0  |    0    0    0    0  |    0    0    0    0  |    0    0    0    0  |    0    0    0    0  |    0    0    0    0  |    0    0    0    0  |    0    0    0    0  |    0    0    0    0  |    0    0    0    0  |    0    0    0    0  |    0    0    0    0  |    0    0    0    0  |    0    0    0    0  |    0    0    0    0  |    0    0    0    0  |    0    0    0    0  |    0    0    0    0  |    0    0    0    0  |    0    0    0    0  |    0    0    0    0  |    0    0    0    0  |    0    0    0    0  | 
   0    0    0    0  |    0    0    0    0  |    0    0    0    0  |    0    0    0    0  |    0    0    0    0  |    0    0    0    0  |    0    0    0    0  |    0    0    0    0  |    0    0    0    0  |    0    0    0    0  |    0    0    0    0  |  0x8    0    0    0  |    0    0    0  0x8  |    0    0    0    0  |    0    0    0    0  |    0    0    0    0  |    0    0    0    0  |    0    0    0    0  |    0    0    0    0  |    0    0    0    0  |    0    0    0    0  |    0    0    0    0  |    0    0    0    0  |    0    0    0    0  |    0    0    0    0  |    0    0    0    0  | 
------------------------
   0    0    0    0  |    0    0    0    0  |    0    0    0    0  |    0    0    0    0  |    0    0    0    0  |    0    0    0    0  |    0    0    0    0  |    0    0    0    0  |    0    0    0    0  |    0    0    0    0  |    0    0    0    0  |    0    0    0    0  |    0    0  0x8    0  |    0    0    0    0  |    0    0    0    0  |    0    0    0    0  |    0    0    0    0  |    0    0    0    0  |    0    0    0    0  |    0    0    0    0  |    0    0    0    0  |    0    0    0    0  |    0    0    0    0  |    0    0    0    0  |    0    0    0    0  |    0    0    0    0  | 
   0    0    0    0  |    0    0    0    0  |    0    0    0    0  |    0    0    0    0  |    0    0    0    0  |    0    0    0    0  |    0    0    0    0  |    0    0    0    0  |    0    0    0    0  |    0    0    0    0  |    0    0    0    0  |    0    0    0    0  |    0    0  0x8    0  |    0    0    0    0  |    0    0    0    0  |    0    0    0    0  |    0    0    0    0  |    0    0    0    0  |    0    0    0    0  |    0    0    0    0  |    0    0    0    0  |    0    0    0    0  |    0    0    0    0  |    0    0    0    0  |    0    0    0    0  |    0    0    0    0  | 
   0    0    0    0  |    0    0    0    0  |    0    0    0    0  |    0    0    0    0  |    0    0    0    0  |    0    0    0    0  |    0    0    0    0  |    0    0    0    0  |    0    0    0    0  |    0    0    0    0  |    0    0    0    0  |  0x8    0    0    0  |    0    0    0    0  |    0    0    0    0  |    0    0    0    0  |    0    0    0    0  |    0    0    0    0  |    0    0    0    0  |    0    0    0    0  |    0    0    0    0  |    0    0    0    0  |    0    0    0    0  |    0    0    0    0  |    0    0    0    0  |    0    0    0    0  |    0    0    0    0  | 
   0    0    0    0  |    0    0    0    0  |    0    0    0    0  |    0    0    0    0  |    0    0    0    0  |    0    0    0    0  |    0    0    0    0  |    0    0    0    0  |    0    0    0    0  |    0    0    0    0  |    0    0    0    0  |    0    0    0  0x8  |    0    0    0    0  |    0    0    0    0  |    0    0    0    0  |    0    0    0    0  |    0    0    0    0  |    0    0    0    0  |    0    0    0    0  |    0    0    0    0  |    0    0    0    0  |    0    0    0    0  |    0    0    0    0  |    0    0    0    0  |    0    0    0    0  |    0    0    0    0  | 
------------------------
   0    0    0    0  |    0    0    0    0  |    0    0    0    0  |    0    0    0    0  |    0    0    0    0  |    0    0    0    0  |    0    0    0    0  |    0    0    0    0  |    0    0    0    0  |    0    0    0    0  |    0    0    0    0  |    0    0    0    0  |    0    0  0x8  0x8  |    0    0    0    0  |    0    0    0    0  |    0    0    0    0  |    0    0    0    0  |    0    0    0    0  |    0    0    0    0  |    0    0    0    0  |    0    0    0    0  |    0    0    0    0  |    0    0    0    0  |    0    0    0    0  |    0    0    0    0  |    0    0    0    0  | 
   0    0    0    0  |    0    0    0    0  |    0    0    0    0  |    0    0    0    0  |    0    0    0    0  |    0    0    0    0  |    0    0    0    0  |    0    0    0    0  |    0    0    0    0  |    0    0    0    0  |    0    0    0    0  |    0    0    0    0  |    0    0  0x8  0x8  |    0    0    0    0  |    0    0    0    0  |    0    0    0    0  |    0    0    0    0  |    0    0    0    0  |    0    0    0    0  |    0    0    0    0  |    0    0    0    0  |    0    0    0    0  |    0    0    0    0  |    0    0    0    0  |    0    0    0    0  |    0    0    0    0  | 
   0    0    0    0  |    0    0    0    0  |    0    0    0    0  |    0    0    0    0  |    0    0    0    0  |    0    0    0    0  |    0    0    0    0  |    0    0    0    0  |    0    0    0    0  |    0    0    0    0  |    0    0    0    0  |  0x8  0x8    0    0  |    0    0    0    0  |    0    0    0    0  |    0    0    0    0  |    0    0    0    0  |    0    0    0    0  |    0    0    0    0  |    0    0    0    0  |    0    0    0    0  |    0    0    0    0  |    0    0    0    0  |    0    0    0    0  |    0    0    0    0  |    0    0    0    0  |    0    0    0    0  | 
   0    0    0    0  |    0    0    0    0  |    0    0    0    0  |    0    0    0    0  |    0    0    0    0  |    0    0    0    0  |    0    0    0    0  |    0    0    0    0  |    0    0    0    0  |    0    0    0    0  |    0    0    0    0  |  0x8    0    0  0x8  |    0    0    0    0  |    0    0    0    0  |    0    0    0    0  |    0    0    0    0  |    0    0    0    0  |    0    0    0    0  |    0    0    0    0  |    0    0    0    0  |    0    0    0    0  |    0    0    0    0  |    0    0    0    0  |    0    0    0    0  |    0    0    0    0  |    0    0    0    0  | 
------------------------
   0    0    0    0  |    0    0    0    0  |    0    0    0    0  |    0    0    0    0  |    0    0    0    0  |    0    0    0    0  |    0    0    0    0  |    0    0    0    0  |    0    0    0    0  |    0    0    0    0  |    0    0    0    0  |    0    0    0    0  |    0    0  0x8  0x8  |    0    0    0    0  |    0    0    0    0  |    0    0    0    0  |    0    0    0    0  |    0    0    0    0  |    0    0    0    0  |    0    0    0    0  |    0    0    0    0  |    0    0    0    0  |    0    0    0    0  |    0    0    0    0  |    0    0    0    0  |    0    0    0    0  | 
   0    0    0    0  |    0    0    0    0  |    0    0    0    0  |    0    0    0    0  |    0    0    0    0  |    0    0    0    0  |    0    0    0    0  |    0    0    0    0  |    0    0    0    0  |    0    0    0    0  |    0    0    0    0  |    0    0    0    0  |    0    0  0x8    0  |    0    0    0    0  |    0    0    0    0  |    0    0    0    0  |    0    0    0    0  |    0    0    0    0  |    0    0    0    0  |    0    0    0    0  |    0    0    0    0  |    0    0    0    0  |    0    0    0    0  |    0    0    0    0  |    0    0    0    0  |    0    0    0    0  | 
   0    0    0    0  |    0    0    0    0  |    0    0    0    0  |    0    0    0    0  |    0    0    0    0  |    0    0    0    0  |    0    0    0    0  |    0    0    0    0  |    0    0    0    0  |    0    0    0    0  |    0    0    0    0  |  0x8    0    0    0  |    0    0    0    0  |    0    0    0    0  |    0    0    0    0  |    0    0    0    0  |    0    0    0    0  |    0    0    0    0  |    0    0    0    0  |    0    0    0    0  |    0    0    0    0  |    0    0    0    0  |    0    0    0    0  |    0    0    0    0  |    0    0    0    0  |    0    0    0    0  | 
   0    0    0    0  |    0    0    0    0  |    0    0    0    0  |    0    0    0    0  |    0    0    0    0  |    0    0    0    0  |    0    0    0    0  |    0    0    0    0  |    0    0    0    0  |    0    0    0    0  |    0    0    0    0  |  0x8    0    0  0x8  |    0    0    0  0x8  |    0    0    0    0  |    0    0    0    0  |    0    0    0    0  |    0    0    0    0  |    0    0    0    0  |    0    0    0    0  |    0    0    0    0  |    0    0    0    0  |    0    0    0    0  |    0    0    0    0  |    0    0    0    0  |    0    0    0    0  |    0    0    0    0  | 
------------------------
   0    0    0    0  |    0    0    0    0  |    0    0    0    0  |    0    0    0    0  |    0    0    0    0  |    0    0    0    0  |    0    0    0    0  |    0    0    0    0  |    0    0    0    0  |    0    0    0    0  |    0    0    0    0  |    0    0    0    0  |    0    0  0x8    0  |    0    0    0    0  |    0    0    0    0  |    0    0    0    0  |    0    0    0    0  |    0    0    0    0  |    0    0    0    0  |    0    0    0    0  |    0    0    0    0  |    0    0    0    0  |    0    0    0    0  |    0    0    0    0  |    0    0    0    0  |    0    0    0    0  | 
   0    0    0    0  |    0    0    0    0  |    0    0    0    0  |    0    0    0    0  |    0    0    0    0  |    0    0    0    0  |    0    0    0    0  |    0    0    0    0  |    0    0    0    0  |    0    0    0    0  |    0    0    0    0  |    0    0    0    0  |    0    0  0x8  0x8  |    0    0    0    0  |    0    0    0    0  |    0    0    0    0  |    0    0    0    0  |    0    0    0    0  |    0    0    0    0  |    0    0    0    0  |    0    0    0    0  |    0    0    0    0  |    0    0    0    0  |    0    0    0    0  |    0    0    0    0  |    0    0    0    0  | 
   0    0    0    0  |    0    0    0    0  |    0    0    0    0  |    0    0    0    0  |    0    0    0    0  |    0    0    0    0  |    0    0    0    0  |    0    0    0    0  |    0    0    0    0  |    0    0    0    0  |    0    0    0    0  |  0x8  0x8    0    0  |    0    0    0    0  |    0    0    0    0  |    0    0    0    0  |    0    0    0    0  |    0    0    0    0  |    0    0    0    0  |    0    0    0    0  |    0    0    0    0  |    0    0    0    0  |    0    0    0    0  |    0    0    0    0  |    0    0    0    0  |    0    0    0    0  |    0    0    0    0  | 
   0    0    0    0  |    0    0    0    0  |    0    0    0    0  |    0    0    0    0  |    0    0    0    0  |    0    0    0    0  |    0    0    0    0  |    0    0    0    0  |    0    0    0    0  |    0    0    0    0  |    0    0    0    0  |    0    0    0  0x8  |    0    0    0  0x8  |    0    0    0    0  |    0    0    0    0  |    0    0    0    0  |    0    0    0    0  |    0    0    0    0  |    0    0    0    0  |    0    0    0    0  |    0    0    0    0  |    0    0    0    0  |    0    0    0    0  |    0    0    0    0  |    0    0    0    0  |    0    0    0    0  | 
------------------------
   0    0    0    0  |    0    0    0    0  |    0    0    0    0  |    0    0    0    0  |    0    0    0    0  |    0    0    0    0  |    0    0    0    0  |    0    0    0    0  |    0    0    0    0  |    0    0    0    0  |    0    0    0    0  |    0    0    0    0  |  0x8    0    0    0  |    0    0    0    0  |    0    0    0    0  |    0    0    0    0  |    0    0    0    0  |    0    0    0    0  |    0    0    0    0  |    0    0    0    0  |    0    0    0    0  |    0    0    0    0  |    0    0    0    0  |    0    0    0    0  |    0    0    0    0  |    0    0    0    0  | 
   0    0    0    0  |    0    0    0    0  |    0    0    0    0  |    0    0    0    0  |    0    0    0    0  |    0    0    0    0  |    0    0    0    0  |    0    0    0    0  |    0    0    0    0  |    0    0    0    0  |    0    0    0    0  |    0    0    0    0  |    0    0    0    0  |    0    0    0    0  |    0    0    0    0  |    0    0    0    0  |    0    0    0    0  |    0    0    0    0  |    0    0    0    0  |    0    0    0    0  |    0    0    0    0  |    0    0    0    0  |    0    0    0    0  |    0    0    0    0  |    0    0    0    0  |    0    0    0    0  | 
   0    0    0    0  |    0    0    0    0  |    0    0    0    0  |    0    0    0    0  |    0    0    0    0  |    0    0    0    0  |    0    0    0    0  |    0    0    0    0  |    0    0    0    0  |    0    0    0    0  |    0    0    0    0  |    0    0    0    0  |    0    0    0    0  |    0    0    0    0  |    0    0    0    0  |    0    0    0    0  |    0    0    0    0  |    0    0    0    0  |    0    0    0    0  |    0    0    0    0  |    0    0    0    0  |    0    0    0    0  |    0    0    0    0  |    0    0    0    0  |    0    0    0    0  |    0    0    0    0  | 
   0    0    0    0  |    0    0    0    0  |    0    0    0    0  |    0    0    0    0  |    0    0    0    0  |    0    0    0    0  |    0    0    0    0  |    0    0    0    0  |    0    0    0    0  |    0    0    0    0  |    0    0    0    0  |    0  0x8    0    0  |  0x8    0    0    0  |    0    0    0    0  |    0    0    0    0  |    0    0    0    0  |    0    0    0    0  |    0    0    0    0  |    0    0    0    0  |    0    0    0    0  |    0    0    0    0  |    0    0    0    0  |    0    0    0    0  |    0    0    0    0  |    0    0    0    0  |    0    0    0    0  | 
------------------------
   0    0    0    0  |    0    0    0    0  |    0    0    0    0  |    0    0    0    0  |    0    0    0    0  |    0    0    0    0  |    0    0    0    0  |    0    0    0    0  |    0    0    0    0  |    0    0    0    0  |    0    0    0    0  |    0    0    0    0  |  0x8    0  0x8    0  |    0    0    0    0  |    0    0    0    0  |    0    0    0    0  |    0    0    0    0  |    0    0    0    0  |    0    0    0    0  |    0    0    0    0  |    0    0    0    0  |    0    0    0    0  |    0    0    0    0  |    0    0    0    0  |    0    0    0    0  |    0    0    0    0  | 
   0    0    0    0  |    0    0    0    0  |    0    0    0    0  |    0    0    0    0  |    0    0    0    0  |    0    0    0    0  |    0    0    0    0  |    0    0    0    0  |    0    0    0    0  |    0    0    0    0  |    0    0    0    0  |    0    0    0    0  |    0    0  0x8  0x8  |    0    0    0    0  |    0    0    0    0  |    0    0    0    0  |    0    0    0    0  |    0    0    0    0  |    0    0    0    0  |    0    0    0    0  |    0    0    0    0  |    0    0    0    0  |    0    0    0    0  |    0    0    0    0  |    0    0    0    0  |    0    0    0    0  | 
   0    0    0    0  |    0    0    0    0  |    0    0    0    0  |    0    0    0    0  |    0    0    0    0  |    0    0    0    0  |    0    0    0    0  |    0    0    0    0  |    0    0    0    0  |    0    0    0    0  |    0    0    0    0  |  0x8  0x8    0    0  |    0    0    0    0  |    0    0    0    0  |    0    0    0    0  |    0    0    0    0  |    0    0    0    0  |    0    0    0    0  |    0    0    0    0  |    0    0    0    0  |    0    0    0    0  |    0    0    0    0  |    0    0    0    0  |    0    0    0    0  |    0    0    0    0  |    0    0    0    0  | 
   0    0    0    0  |    0    0    0    0  |    0    0    0    0  |    0    0    0    0  |    0    0    0    0  |    0    0    0    0  |    0    0    0    0  |    0    0    0    0  |    0    0    0    0  |    0    0    0    0  |    0    0    0    0  |    0  0x8    0  0x8  |  0x8    0    0  0x8  |    0    0    0    0  |    0    0    0    0  |    0    0    0    0  |    0    0    0    0  |    0    0    0    0  |    0    0    0    0  |    0    0    0    0  |    0    0    0    0  |    0    0    0    0  |    0    0    0    0  |    0    0    0    0  |    0    0    0    0  |    0    0    0    0  | 
------------------------
   0    0    0    0  |    0    0    0    0  |    0    0    0    0  |    0    0    0    0  |    0    0    0    0  |    0    0    0    0  |    0    0    0    0  |    0    0    0    0  |    0    0    0    0  |    0    0    0    0  |    0    0    0    0  |    0    0    0    0  |  0x8    0  0x8  0x8  |    0    0    0    0  |    0    0    0    0  |    0    0    0    0  |    0    0    0    0  |    0    0    0    0  |    0    0    0    0  |    0    0    0    0  |    0    0    0    0  |    0    0    0    0  |    0    0    0    0  |    0    0    0    0  |    0    0    0    0  |    0    0    0    0  | 
   0    0    0    0  |    0    0    0    0  |    0    0    0    0  |    0    0    0    0  |    0    0    0    0  |    0    0    0    0  |    0    0    0    0  |    0    0    0    0  |    0    0    0    0  |    0    0    0    0  |    0    0    0    0  |    0    0    0    0  |    0    0  0x8    0  |    0    0    0    0  |    0    0    0    0  |    0    0    0    0  |    0    0    0    0  |    0    0    0    0  |    0    0    0    0  |    0    0    0    0  |    0    0    0    0  |    0    0    0    0  |    0    0    0    0  |    0    0    0    0  |    0    0    0    0  |    0    0    0    0  | 
   0    0    0    0  |    0    0    0    0  |    0    0    0    0  |    0    0    0    0  |    0    0    0    0  |    0    0    0    0  |    0    0    0    0  |    0    0    0    0  |    0    0    0    0  |    0    0    0    0  |    0    0    0    0  |  0x8    0    0    0  |    0    0    0    0  |    0    0    0    0  |    0    0    0    0  |    0    0    0    0  |    0    0    0    0  |    0    0    0    0  |    0    0    0    0  |    0    0    0    0  |    0    0    0    0  |    0    0    0    0  |    0    0    0    0  |    0    0    0    0  |    0    0    0    0  |    0    0    0    0  | 
   0    0    0    0  |    0    0    0    0  |    0    0    0    0  |    0    0    0    0  |    0    0    0    0  |    0    0    0    0  |    0    0    0    0  |    0    0    0    0  |    0    0    0    0  |    0    0    0    0  |    0    0    0    0  |  0x8  0x8    0  0x8  |  0x8    0    0  0x8  |    0    0    0    0  |    0    0    0    0  |    0    0    0    0  |    0    0    0    0  |    0    0    0    0  |    0    0    0    0  |    0    0    0    0  |    0    0    0    0  |    0    0    0    0  |    0    0    0    0  |    0    0    0    0  |    0    0    0    0  |    0    0    0    0  | 
------------------------
   0    0    0    0  |    0    0    0    0  |    0    0    0    0  |    0    0    0    0  |    0    0    0    0  |    0    0    0    0  |    0    0    0    0  |    0    0    0    0  |    0    0    0    0  |    0    0    0    0  |    0    0    0    0  |    0    0    0    0  |  0x8    0  0x8  0x8  |    0    0    0    0  |    0    0    0    0  |    0    0    0    0  |    0    0    0    0  |    0    0    0    0  |    0    0    0    0  |    0    0    0    0  |    0    0    0    0  |    0    0    0    0  |    0    0    0    0  |    0    0    0    0  |    0    0    0    0  |    0    0    0    0  | 
   0    0    0    0  |    0    0    0    0  |    0    0    0    0  |    0    0    0    0  |    0    0    0    0  |    0    0    0    0  |    0    0    0    0  |    0    0    0    0  |    0    0    0    0  |    0    0    0    0  |    0    0    0    0  |    0    0    0    0  |    0    0  0x8  0x8  |    0    0    0    0  |    0    0    0    0  |    0    0    0    0  |    0    0    0    0  |    0    0    0    0  |    0    0    0    0  |    0    0    0    0  |    0    0    0    0  |    0    0    0    0  |    0    0    0    0  |    0    0    0    0  |    0    0    0    0  |    0    0    0    0  | 
   0    0    0    0  |    0    0    0    0  |    0    0    0    0  |    0    0    0    0  |    0    0    0    0  |    0    0    0    0  |    0    0    0    0  |    0    0    0    0  |    0    0    0    0  |    0    0    0    0  |    0    0    0    0  |  0x8  0x8    0    0  |    0    0    0    0  |    0    0    0    0  |    0    0    0    0  |    0    0    0    0  |    0    0    0    0  |    0    0    0    0  |    0    0    0    0  |    0    0    0    0  |    0    0    0    0  |    0    0    0    0  |    0    0    0    0  |    0    0    0    0  |    0    0    0    0  |    0    0    0    0  | 
   0    0    0    0  |    0    0    0    0  |    0    0    0    0  |    0    0    0    0  |    0    0    0    0  |    0    0    0    0  |    0    0    0    0  |    0    0    0    0  |    0    0    0    0  |    0    0    0    0  |    0    0    0    0  |  0x8  0x8    0  0x8  |  0x8    0    0    0  |    0    0    0    0  |    0    0    0    0  |    0    0    0    0  |    0    0    0    0  |    0    0    0    0  |    0    0    0    0  |    0    0    0    0  |    0    0    0    0  |    0    0    0    0  |    0    0    0    0  |    0    0    0    0  |    0    0    0    0  |    0    0    0    0  | 
------------------------
   0    0    0    0  |    0    0    0    0  |    0    0    0    0  |    0    0    0    0  |    0    0    0    0  |    0    0    0    0  |    0    0    0    0  |    0    0    0    0  |    0    0    0    0  |    0    0    0    0  |    0    0    0    0  |    0    0    0    0  |  0x8    0  0x8    0  |    0    0    0    0  |    0    0    0    0  |    0    0    0    0  |    0    0    0    0  |    0    0    0    0  |    0    0    0    0  |    0    0    0    0  |    0    0    0    0  |    0    0    0    0  |    0    0    0    0  |    0    0    0    0  |    0    0    0    0  |    0    0    0    0  | 
   0    0    0    0  |    0    0    0    0  |    0    0    0    0  |    0    0    0    0  |    0    0    0    0  |    0    0    0    0  |    0    0    0    0  |    0    0    0    0  |    0    0    0    0  |    0    0    0    0  |    0    0    0    0  |    0    0    0    0  |    0    0  0x8    0  |    0    0    0    0  |    0    0    0    0  |    0    0    0    0  |    0    0    0    0  |    0    0    0    0  |    0    0    0    0  |    0    0    0    0  |    0    0    0    0  |    0    0    0    0  |    0    0    0    0  |    0    0    0    0  |    0    0    0    0  |    0    0    0    0  | 
   0    0    0    0  |    0    0    0    0  |    0    0    0    0  |    0    0    0    0  |    0    0    0    0  |    0    0    0    0  |    0    0    0    0  |    0    0    0    0  |    0    0    0    0  |    0    0    0    0  |    0    0    0    0  |  0x8    0    0    0  |    0    0    0    0  |    0    0    0    0  |    0    0    0    0  |    0    0    0    0  |    0    0    0    0  |    0    0    0    0  |    0    0    0    0  |    0    0    0    0  |    0    0    0    0  |    0    0    0    0  |    0    0    0    0  |    0    0    0    0  |    0    0    0    0  |    0    0    0    0  | 
   0    0    0    0  |    0    0    0    0  |    0    0    0    0  |    0    0    0    0  |    0    0    0    0  |    0    0    0    0  |    0    0    0    0  |    0    0    0    0  |    0    0    0    0  |    0    0    0    0  |    0    0    0    0  |    0  0x8    0  0x8  |  0x8    0    0    0  |    0    0    0    0  |    0    0    0    0  |    0    0    0    0  |    0    0    0    0  |    0    0    0    0  |    0    0    0    0  |    0    0    0    0  |    0    0    0    0  |    0    0    0    0  |    0    0    0    0  |    0    0    0    0  |    0    0    0    0  |    0    0    0    0  | 
------------------------
   0    0    0    0  |    0    0    0    0  |    0    0    0    0  |    0    0    0    0  |    0    0    0    0  |    0    0    0    0  |    0    0    0    0  |    0    0    0    0  |    0    0    0    0  |    0    0    0    0  |    0    0    0    0  |    0    0    0    0  |  0x8    0    0  0x8  |    0    0    0    0  |    0    0    0    0  |    0    0    0    0  |    0    0    0    0  |    0    0    0    0  |    0    0    0    0  |    0    0    0    0  |    0    0    0    0  |    0    0    0    0  |    0    0    0    0  |    0    0    0    0  |    0    0    0    0  |    0    0    0    0  | 
   0    0    0    0  |    0    0    0    0  |    0    0    0    0  |    0    0    0    0  |    0    0    0    0  |    0    0    0    0  |    0    0    0    0  |    0    0    0    0  |    0    0    0    0  |    0    0    0    0  |    0    0    0    0  |    0    0    0    0  |    0    0    0  0x8  |    0    0    0    0  |    0    0    0    0  |    0    0    0    0  |    0    0    0    0  |    0    0    0    0  |    0    0    0    0  |    0    0    0    0  |    0    0    0    0  |    0    0    0    0  |    0    0    0    0  |    0    0    0    0  |    0    0    0    0  |    0    0    0    0  | 
   0    0    0    0  |    0    0    0    0  |    0    0    0    0  |    0    0    0    0  |    0    0    0    0  |    0    0    0    0  |    0    0    0    0  |    0    0    0    0  |    0    0    0    0  |    0    0    0    0  |    0    0    0    0  |    0  0x8    0    0  |    0    0    0    0  |    0    0    0    0  |    0    0    0    0  |    0    0    0    0  |    0    0    0    0  |    0    0    0    0  |    0    0    0    0  |    0    0    0    0  |    0    0    0    0  |    0    0    0    0  |    0    0    0    0  |    0    0    0    0  |    0    0    0    0  |    0    0    0    0  | 
   0    0    0    0  |    0    0    0    0  |    0    0    0    0  |    0    0    0    0  |    0    0    0    0  |    0    0    0    0  |    0    0    0    0  |    0    0    0    0  |    0    0    0    0  |    0    0    0    0  |    0    0    0    0  |  0x8  0x8    0    0  |  0x8    0    0    0  |    0    0    0    0  |    0    0    0    0  |    0    0    0    0  |    0    0    0    0  |    0    0    0    0  |    0    0    0    0  |    0    0    0    0  |    0    0    0    0  |    0    0    0    0  |    0    0    0    0  |    0    0    0    0  |    0    0    0    0  |    0    0    0    0  | 
------------------------
   0    0    0    0  |    0    0    0    0  |    0    0    0    0  |    0    0    0    0  |    0    0    0    0  |    0    0    0    0  |    0    0    0    0  |    0    0    0    0  |    0    0    0    0  |    0    0    0    0  |    0    0    0    0  |    0    0    0    0  |  0x8    0    0  0x8  |    0    0    0    0  |    0    0    0    0  |    0    0    0    0  |    0    0    0    0  |    0    0    0    0  |    0    0    0    0  |    0    0    0    0  |    0    0    0    0  |    0    0    0    0  |    0    0    0    0  |    0    0    0    0  |    0    0    0    0  |    0    0    0    0  | 
   0    0    0    0  |    0    0    0    0  |    0    0    0    0  |    0    0    0    0  |    0    0    0    0  |    0    0    0    0  |    0    0    0    0  |    0    0    0    0  |    0    0    0    0  |    0    0    0    0  |    0    0    0    0  |    0    0    0    0  |    0    0    0    0  |    0    0    0    0  |    0    0    0    0  |    0    0    0    0  |    0    0    0    0  |    0    0    0    0  |    0    0    0    0  |    0    0    0    0  |    0    0    0    0  |    0    0    0    0  |    0    0    0    0  |    0    0    0    0  |    0    0    0    0  |    0    0    0    0  | 
   0    0    0    0  |    0    0    0    0  |    0    0    0    0  |    0    0    0    0  |    0    0    0    0  |    0    0    0    0  |    0    0    0    0  |    0    0    0    0  |    0    0    0    0  |    0    0    0    0  |    0    0    0    0  |    0    0    0    0  |    0    0    0    0  |    0    0    0    0  |    0    0    0    0  |    0    0    0    0  |    0    0    0    0  |    0    0    0    0  |    0    0    0    0  |    0    0    0    0  |    0    0    0    0  |    0    0    0    0  |    0    0    0    0  |    0    0    0    0  |    0    0    0    0  |    0    0    0    0  | 
   0    0    0    0  |    0    0    0    0  |    0    0    0    0  |    0    0    0    0  |    0    0    0    0  |    0    0    0    0  |    0    0    0    0  |    0    0    0    0  |    0    0    0    0  |    0    0    0    0  |    0    0    0    0  |  0x8  0x8    0    0  |  0x8    0    0  0x8  |    0    0    0    0  |    0    0    0    0  |    0    0    0    0  |    0    0    0    0  |    0    0    0    0  |    0    0    0    0  |    0    0    0    0  |    0    0    0    0  |    0    0    0    0  |    0    0    0    0  |    0    0    0    0  |    0    0    0    0  |    0    0    0    0  | 
------------------------
   0    0    0    0  |    0    0    0    0  |    0    0    0    0  |    0    0    0    0  |    0    0    0    0  |    0    0    0    0  |    0    0    0    0  |    0    0    0    0  |    0    0    0    0  |    0    0    0    0  |    0    0    0    0  |    0    0    0    0  |  0x8    0    0    0  |    0    0    0    0  |    0    0    0    0  |    0    0    0    0  |    0    0    0    0  |    0    0    0    0  |    0    0    0    0  |    0    0    0    0  |    0    0    0    0  |    0    0    0    0  |    0    0    0    0  |    0    0    0    0  |    0    0    0    0  |    0    0    0    0  | 
   0    0    0    0  |    0    0    0    0  |    0    0    0    0  |    0    0    0    0  |    0    0    0    0  |    0    0    0    0  |    0    0    0    0  |    0    0    0    0  |    0    0    0    0  |    0    0    0    0  |    0    0    0    0  |    0    0    0    0  |    0    0    0  0x8  |    0    0    0    0  |    0    0    0    0  |    0    0    0    0  |    0    0    0    0  |    0    0    0    0  |    0    0    0    0  |    0    0    0    0  |    0    0    0    0  |    0    0    0    0  |    0    0    0    0  |    0    0    0    0  |    0    0    0    0  |    0    0    0    0  | 
   0    0    0    0  |    0    0    0    0  |    0    0    0    0  |    0    0    0    0  |    0    0    0    0  |    0    0    0    0  |    0    0    0    0  |    0    0    0    0  |    0    0    0    0  |    0    0    0    0  |    0    0    0    0  |    0  0x8    0    0  |    0    0    0    0  |    0    0    0    0  |    0    0    0    0  |    0    0    0    0  |    0    0    0    0  |    0    0    0    0  |    0    0    0    0  |    0    0    0    0  |    0    0    0    0  |    0    0    0    0  |    0    0    0    0  |    0    0    0    0  |    0    0    0    0  |    0    0    0    0  | 
   0    0    0    0  |    0    0    0    0  |    0    0    0    0  |    0    0    0    0  |    0    0    0    0  |    0    0    0    0  |    0    0    0    0  |    0    0    0    0  |    0    0    0    0  |    0    0    0    0  |    0    0    0    0  |    0  0x8    0    0  |  0x8    0    0  0x8  |    0    0    0    0  |    0    0    0    0  |    0    0    0    0  |    0    0    0    0  |    0    0    0    0  |    0    0    0    0  |    0    0    0    0  |    0    0    0    0  |    0    0    0    0  |    0    0    0    0  |    0    0    0    0  |    0    0    0    0  |    0    0    0    0  | 
------------------------
