-4 -3 -4 -4 -3 -1 1 -1 16 
-4 3 -4 -4 3 1 1 1 8 
-4 3 4 -4 -3 -1 -1 -1 10 
-1 -4 -1 1 4 3 3 3 2 
1 4 -1 1 4 -3 -3 -3 6 
1 4 1 1 -4 3 -3 -3 6 
1 4 1 -1 4 3 -3 3 0 
1 5 1 -1 -5 -6 6 -6 12 
1 5 1 1 5 -6 6 6 0 
1 4 -1 -1 -4 -3 -3 3 8 
1 -4 1 1 4 3 -3 -3 6 
1 -4 1 -1 -4 3 -3 3 8 
-1 -4 1 1 -4 3 3 -3 8 
-1 -4 1 1 -4 -3 3 3 8 
1 5 -1 1 -5 6 6 6 0 
-1 -4 -1 1 4 -3 3 -3 8 
1 5 -1 -1 5 6 6 -6 2 
1 -4 -1 1 -4 -3 -3 -3 14 
-4 3 -4 4 -3 -1 -1 -1 10 
1 -4 -1 -1 4 -3 -3 3 8 
-4 -3 4 -4 3 -1 -1 -1 10 
-4 3 4 4 3 1 -1 -1 2 
