   0    0    0    0  |    0    0    0    0  |    0    0    0    0  |    0    0    0    0  |    0    0    0    0  |    0    0    0    0  |    0    0    0    0  |    0    0    0    0  |    0    0    0    0  |    0    0    0    0  | 
   0    0    0    0  |    0    0    0    0  |    0    0    0    0  |    0    0    0    0  |    0    0    0    0  |    0    0    0    0  |    0    0    0    0  |    0    0    0    0  |    0    0    0    0  |    0    0    0    0  | 
   0    0    0    0  |    0    0    0    0  |    0    0    0    0  |    0    0    0    0  |    0    0    0    0  |    0    0    0    0  |    0    0    0    0  |    0    0    0    0  |    0    0    0    0  |    0    0    0    0  | 
   0    0    0    0  |    0    0    0    0  |    0    0    0    0  |    0    0    0    0  |    0    0    0    0  |    0    0    0    0  |    0    0    0    0  |    0    0    0    0  |    0    0    0    0  |    0    0    0    0  | 
------------------------
   0    0    0    0  |    0    0    0    0  |    0    0    0    0  |    0    0    0    0  |    0    0    0    0  |    0    0    0    0  |    0    0    0  0x2  |    0    0    0    0  |    0    0    0    0  |    0    0    0    0  | 
   0    0    0    0  |    0    0    0    0  |    0    0    0    0  |    0    0    0    0  |  0x4    0    0    0  |    0    0    0    0  |    0    0    0    0  |    0    0    0    0  |    0    0    0    0  |    0    0    0    0  | 
   0    0    0    0  |    0    0    0    0  |    0    0    0    0  |    0    0  0x4    0  |    0    0    0    0  |    0    0    0    0  |    0    0    0    0  |    0    0    0    0  |    0    0    0    0  |    0    0    0    0  | 
   0    0    0    0  |    0    0    0    0  |    0    0    0    0  |    0    0    0    0  |  0x4    0    0    0  |  0x2    0    0    0  |    0    0    0  0x2  |    0    0    0    0  |    0    0    0    0  |    0    0    0    0  | 
------------------------
   0    0    0    0  |    0    0    0    0  |    0    0    0    0  |    0    0    0    0  |    0    0    0    0  |    0    0    0    0  |    0    0    0  0x2  |    0    0    0    0  |    0    0    0    0  |    0    0    0    0  | 
   0    0    0    0  |    0    0    0    0  |    0    0    0    0  |    0    0    0    0  |  0xd    0    0    0  |    0    0    0    0  |    0    0    0    0  |    0    0    0    0  |    0    0    0    0  |    0    0    0    0  | 
   0    0    0    0  |    0    0    0    0  |    0    0    0    0  |    0    0  0xd    0  |    0    0    0    0  |    0    0    0    0  |    0    0    0    0  |    0    0    0    0  |    0    0    0    0  |    0    0    0    0  | 
   0    0    0    0  |    0    0    0    0  |    0    0    0    0  |    0    0    0    0  |  0xd    0    0    0  |  0x2    0    0    0  |    0    0    0  0x2  |    0    0    0    0  |    0    0    0    0  |    0    0    0    0  | 
------------------------
   0    0    0    0  |    0    0    0    0  |    0    0    0    0  |    0    0    0    0  |    0    0    0    0  |    0    0    0    0  |    0    0    0  0x2  |    0    0    0    0  |    0    0    0    0  |    0    0    0    0  | 
   0    0    0    0  |    0    0    0    0  |    0    0    0    0  |    0    0    0    0  |  0x9    0    0    0  |    0    0    0    0  |    0    0    0    0  |    0    0    0    0  |    0    0    0    0  |    0    0    0    0  | 
   0    0    0    0  |    0    0    0    0  |    0    0    0    0  |    0    0  0x9    0  |    0    0    0    0  |    0    0    0    0  |    0    0    0    0  |    0    0    0    0  |    0    0    0    0  |    0    0    0    0  | 
   0    0    0    0  |    0    0    0    0  |    0    0    0    0  |    0    0    0    0  |  0x9    0    0    0  |  0x2    0    0    0  |    0    0    0  0x2  |    0    0    0    0  |    0    0    0    0  |    0    0    0    0  | 
------------------------
