0 0 0 0 0 0 0 6 0 0 0 0 0 0 0 6
0 0 0 0 0 0 0 2 0 0 0 0 0 0 0 2

0 0 0 0 0 0 0 0 0 2 0 2 0 0 0 0
0 0 0 0 0 0 0 0 0 5 0 5 0 0 0 0

0 0 0 0 0 0 5 0 0 0 0 0 0 0 5 0
0 0 0 0 0 0 2 0 0 0 0 0 0 0 2 0

0 0 0 0 0 0 0 0 0 0 0 0 0 2 0 2
0 0 0 0 0 0 0 0 0 0 0 0 0 5 0 5

0 0 0 0 0 0 0 5 0 0 0 0 0 0 0 5
0 0 0 0 0 0 0 2 0 0 0 0 0 0 0 2

0 0 0 0 0 0 0 0 0 2 0 2 0 0 0 0
0 0 0 0 0 0 0 0 0 10 0 10 0 0 0 0

0 0 10 0 0 0 0 0 0 0 10 0 0 0 0 0
0 0 1 0 0 0 0 0 0 0 1 0 0 0 0 0

1 0 1 0 0 0 0 0 0 0 0 0 0 0 0 0
10 0 10 0 0 0 0 0 0 0 0 0 0 0 0 0

0 0 0 0 10 0 0 0 0 0 0 0 10 0 0 0
0 0 0 0 1 0 0 0 0 0 0 0 1 0 0 0

0 0 0 0 0 0 0 0 0 1 0 1 0 0 0 0
0 0 0 0 0 0 0 0 0 5 0 5 0 0 0 0

0 0 0 0 0 0 5 0 0 0 0 0 0 0 5 0
0 0 0 0 0 0 2 0 0 0 0 0 0 0 2 0

0 0 0 0 0 0 0 0 0 0 0 0 0 2 0 2
0 0 0 0 0 0 0 0 0 0 0 0 0 5 0 5


# 12-round tr10il from https://doi.org/10.1007/978-3-030-41579-2_26, 10n10lyzed in https://eprint.i10cr.org/2024/1849.pdf