0 0 128 0   0 0 2 0
0 0 0 0     0 0 0 0
0 0 0 0     0 0 0 0
0 0 0 128   0 0 0 2

0 0 0 0     0 0 0 0
0 0 2 0     0 0 8 0
0 0 0 0     0 0 0 0
0 0 2 0     0 0 8 0

0 9 0 0     0 16 0 0
0 0 0 0     0 0 0 0
0 0 0 8     0 0 0 16
0 0 0 0     0 0 0 0

0 0 0 0     0 0 0 0
0 16 0 0    0 80 0 0
0 16 0 0    0 64 0 0
0 0 0 0     0 0 0 0

0 0 0 64    0 0 0 4
0 0 0 0     0 0 0 0
0 0 80 64   0 0 4 4
0 0 0 64    0 0 0 4

4 4 4 4     5 5 5 1
0 0 0 4     0 0 0 1
4 4 0 0     5 5 0 0
4 4 0 4     1 1 0 5

4 5 5 5     1 1 33 1
5 5 5 1     1 1 1 32
1 0 5 5     32 0 1 1
5 5 0 4     1 1 0 1

1 0 0 0     32 0 0 0
1 1 33 1    32 32 32 32
33 0 33 1   32 0 32 32
0 0 1 1     0 0 32 32

0 0 0 0     0 0 0 0
32 0 0 0    144 0 0 0
0 0 0 32    0 0 0 144
0 32 32 0   0 128 144 0

128 0 0 0   2 0 0 0
0 0 0 0     0 0 0 0
0 0 0 0     0 0 0 0
0 144 0 0   0 2 0 0

0 0 0 0     0 0 0 0
2 0 0 0     8 0 0 0
0 0 0 0     0 0 0 0
2 0 0 0     8 0 0 0

0 0 0 8     0 0 0 16
0 0 0 0     0 0 0 0
0 8 0 0     0 16 0 0
0 0 0 0     0 0 0 0

0 0 0 0     0 0 0 0
0 0 0 16    0 0 0 64
0 0 0 16    0 0 0 64
0 0 0 0     0 0 0 0