-6 -2  6  6 -1  6  6  6 -3
 6 -2 -6  6 -1  6  6  6 -3
-6 -2  6  6  1  6 -6 -6 -14
 6 -2  6 -6 -1  6  6  6 -3
 6 -2 -6  6  1  6 -6 -6 -14
 6 -2  6 -6  1  6 -6 -6 -14
-6 -2 -6 -6 -1  6  6  6 -15
-6 -2 -6 -6  1  6 -6 -6 -26
 6 -2  6  6 -1 -6 -6 -6 -15
-6 -2  6  6  1 -6  6 -6 -14
 6 -2  6  6  1 -6  6  6 -2
-6 -2  6  6  1 -6 -6  6 -14
 6 -2  6  6 -1  6  6 -6 -3
-6 -2 -6  6 -1 -6 -6 -6 -27
 6 -2 -6  6  1 -6 -6  6 -14
-6 -2  6 -6 -1 -6 -6 -6 -27
 6 -2 -6  6  1 -6  6 -6 -14
-6 -2 -6  6 -1  6  6 -6 -15
-6 -2 -6  6  1 -6  6  6 -14
 6 -2 -6 -6 -1 -6 -6 -6 -27
 6 -2  6 -6 -1 -6 -6  6 -15
 6 -2  6 -6  1 -6  6 -6 -14
-6 -2  6 -6  1 -6  6  6 -14
-6 -2  6 -6 -1  6  6 -6 -15
-6 -2 -6 -6 -1 -6 -6  6 -27
-6 -2 -6 -6  1 -6  6 -6 -26
 6 -2  6  6  1  6 -6  6 -2
 6 -2 -6 -6  1 -6  6  6 -14
 6 -2 -6 -6 -1  6  6 -6 -15
-6 -2 -6  6  1  6 -6  6 -14
-6 -2  6 -6  1  6 -6  6 -14
 6 -2 -6 -6  1  6 -6  6 -14
