 6  6 -2 -1  6  6 -6  6 -3
 6  6 -2 -1  6  6  6 -6 -3
-6 -6 -2 -1  6  6  6 -6 -15
-6 -6 -2 -1  6  6 -6  6 -15
-6  6 -2 -1  6  6  6  6 -3
-6  6 -2 -1  6  6 -6 -6 -15
 6 -6 -2 -1  6  6  6  6 -3
-6  6 -2 -1 -6  6  6 -6 -15
 6 -6 -2 -1  6  6 -6 -6 -15
 6 -6 -2 -1 -6  6  6 -6 -15
 6  6 -2 -1  6 -6 -6 -6 -15
-6 -6 -2 -1  6 -6 -6 -6 -27
 6  6 -2 -1 -6  6  6  6 -3
 6  6 -2 -1 -6 -6  6 -6 -15
-6 -6 -2 -1 -6  6  6  6 -15
-6 -6 -2 -1 -6 -6  6 -6 -27
 6  6 -2 -1 -6  6 -6 -6 -15
 6  6 -2 -1  6 -6  6  6 -3
 6  6 -2 -1 -6 -6 -6  6 -15
-6 -6 -2 -1  6 -6  6  6 -15
-6  6 -2 -1  6 -6  6 -6 -15
-6 -6 -2 -1 -6  6 -6 -6 -27
-6  6 -2 -1 -6 -6  6  6 -15
 6 -6 -2 -1  6 -6  6 -6 -15
-6 -6 -2 -1 -6 -6 -6  6 -27
 6 -6 -2 -1 -6 -6  6  6 -15
-6  6 -2 -1 -6 -6 -6 -6 -27
-6  6 -2 -1 -6  6 -6  6 -15
 6 -6 -2 -1 -6 -6 -6 -6 -27
 6 -6 -2 -1 -6  6 -6  6 -15
-6  6 -2 -1  6 -6 -6  6 -15
 6 -6 -2 -1  6 -6 -6  6 -15
