prob_mode: enumerate
Total key combinations (2^9): 512
Zero-solution keys: 128
------------------------------
Raw counts:
  (0, 1, 0, 1, 0, 0, 0, 1, 1): count=1024, weight=3.640000e+02
  (0, 1, 1, 1, 0, 0, 0, 0, 1): count=1024, weight=3.640000e+02
  (0, 1, 1, 1, 0, 1, 1, 0, 1): count=1024, weight=3.640000e+02
  (0, 1, 0, 1, 0, 1, 1, 1, 1): count=1024, weight=3.640000e+02
  (0, 0, 0, 1, 1, 1, 1, 1, 1): count=1024, weight=3.640000e+02
  (0, 0, 1, 1, 1, 1, 1, 0, 1): count=1024, weight=3.640000e+02
  (0, 0, 1, 1, 1, 0, 0, 0, 1): count=1024, weight=3.640000e+02
  (0, 0, 0, 1, 1, 0, 0, 1, 1): count=1024, weight=3.640000e+02
  (0, 0, 0, 0, 1, 0, 0, 1, 0): count=1024, weight=3.640000e+02
  (0, 0, 1, 0, 1, 0, 0, 0, 0): count=1024, weight=3.640000e+02
  (0, 0, 1, 0, 1, 1, 1, 0, 0): count=1024, weight=3.640000e+02
  (0, 0, 0, 0, 1, 1, 1, 1, 0): count=1024, weight=3.640000e+02
  (0, 1, 0, 0, 0, 1, 1, 1, 0): count=1024, weight=3.640000e+02
  (0, 1, 1, 0, 0, 1, 1, 0, 0): count=1024, weight=3.640000e+02
  (0, 1, 1, 0, 0, 0, 0, 0, 0): count=1024, weight=3.640000e+02
  (0, 1, 0, 0, 0, 0, 0, 1, 0): count=1024, weight=3.640000e+02
  (0, 1, 0, 0, 1, 0, 0, 1, 0): count=1024, weight=3.640000e+02
  (0, 1, 1, 0, 1, 0, 0, 0, 0): count=1024, weight=3.640000e+02
  (0, 1, 1, 0, 1, 1, 1, 0, 0): count=1024, weight=3.640000e+02
  (0, 1, 0, 0, 1, 1, 1, 1, 0): count=1024, weight=3.640000e+02
  (0, 1, 0, 1, 1, 1, 1, 1, 1): count=1024, weight=3.640000e+02
  (0, 1, 1, 1, 1, 1, 1, 0, 1): count=1024, weight=3.640000e+02
  (0, 1, 1, 1, 1, 0, 0, 0, 1): count=1024, weight=3.640000e+02
  (0, 1, 0, 1, 1, 0, 0, 1, 1): count=1024, weight=3.640000e+02
  (0, 0, 0, 1, 0, 0, 0, 1, 1): count=1024, weight=3.640000e+02
  (0, 0, 1, 1, 0, 0, 0, 0, 1): count=1024, weight=3.640000e+02
  (0, 0, 1, 1, 0, 1, 1, 0, 1): count=1024, weight=3.640000e+02
  (0, 0, 0, 1, 0, 1, 1, 1, 1): count=1024, weight=3.640000e+02
  (0, 0, 0, 0, 0, 1, 1, 1, 0): count=1024, weight=3.640000e+02
  (0, 0, 1, 0, 0, 1, 1, 0, 0): count=1024, weight=3.640000e+02
  (0, 0, 1, 0, 0, 0, 0, 0, 0): count=1024, weight=3.640000e+02
  (0, 0, 0, 0, 0, 0, 0, 1, 0): count=1024, weight=3.640000e+02
  (0, 0, 0, 1, 0, 0, 1, 1, 0): count=2048, weight=7.280000e+02
  (0, 0, 1, 1, 0, 0, 1, 0, 0): count=2048, weight=7.280000e+02
  (0, 0, 1, 1, 0, 1, 0, 0, 0): count=2048, weight=7.280000e+02
  (0, 0, 0, 1, 0, 1, 0, 1, 0): count=2048, weight=7.280000e+02
  (0, 0, 0, 0, 0, 1, 0, 1, 1): count=2048, weight=7.280000e+02
  (0, 0, 1, 0, 0, 1, 0, 0, 1): count=2048, weight=7.280000e+02
  (0, 0, 1, 0, 0, 0, 1, 0, 1): count=2048, weight=7.280000e+02
  (0, 0, 0, 0, 0, 0, 1, 1, 1): count=2048, weight=7.280000e+02
  (0, 1, 0, 0, 1, 0, 1, 1, 1): count=2048, weight=7.280000e+02
  (0, 1, 1, 0, 1, 0, 1, 0, 1): count=2048, weight=7.280000e+02
  (0, 1, 1, 0, 1, 1, 0, 0, 1): count=2048, weight=7.280000e+02
  (0, 1, 0, 0, 1, 1, 0, 1, 1): count=2048, weight=7.280000e+02
  (0, 1, 0, 1, 1, 1, 0, 1, 0): count=2048, weight=7.280000e+02
  (0, 1, 1, 1, 1, 1, 0, 0, 0): count=2048, weight=7.280000e+02
  (0, 1, 1, 1, 1, 0, 1, 0, 0): count=2048, weight=7.280000e+02
  (0, 1, 0, 1, 1, 0, 1, 1, 0): count=2048, weight=7.280000e+02
  (0, 0, 0, 1, 0, 0, 0, 0, 1): count=1024, weight=3.640000e+02
  (0, 0, 0, 1, 0, 1, 1, 0, 1): count=1024, weight=3.640000e+02
  (0, 0, 1, 1, 0, 1, 1, 1, 1): count=1024, weight=3.640000e+02
  (0, 0, 1, 1, 0, 0, 0, 1, 1): count=1024, weight=3.640000e+02
  (0, 0, 1, 0, 0, 0, 0, 1, 0): count=1024, weight=3.640000e+02
  (0, 0, 1, 0, 0, 1, 1, 1, 0): count=1024, weight=3.640000e+02
  (0, 0, 0, 0, 0, 1, 1, 0, 0): count=1024, weight=3.640000e+02
  (0, 0, 0, 0, 0, 0, 0, 0, 0): count=1024, weight=3.640000e+02
  (0, 1, 0, 0, 1, 0, 0, 0, 0): count=1024, weight=3.640000e+02
  (0, 1, 0, 0, 1, 1, 1, 0, 0): count=1024, weight=3.640000e+02
  (0, 1, 1, 0, 1, 1, 1, 1, 0): count=1024, weight=3.640000e+02
  (0, 1, 1, 0, 1, 0, 0, 1, 0): count=1024, weight=3.640000e+02
  (0, 1, 1, 1, 1, 0, 0, 1, 1): count=1024, weight=3.640000e+02
  (0, 1, 1, 1, 1, 1, 1, 1, 1): count=1024, weight=3.640000e+02
  (0, 1, 0, 1, 1, 1, 1, 0, 1): count=1024, weight=3.640000e+02
  (0, 1, 0, 1, 1, 0, 0, 0, 1): count=1024, weight=3.640000e+02
  (0, 0, 0, 1, 1, 0, 0, 0, 1): count=1024, weight=3.640000e+02
  (0, 0, 0, 1, 1, 1, 1, 0, 1): count=1024, weight=3.640000e+02
  (0, 1, 0, 1, 0, 1, 1, 0, 1): count=1024, weight=3.640000e+02
  (0, 1, 0, 1, 0, 0, 0, 0, 1): count=1024, weight=3.640000e+02
  (0, 1, 1, 1, 0, 0, 0, 1, 1): count=1024, weight=3.640000e+02
  (0, 1, 1, 1, 0, 1, 1, 1, 1): count=1024, weight=3.640000e+02
  (0, 0, 1, 1, 1, 1, 1, 1, 1): count=1024, weight=3.640000e+02
  (0, 0, 1, 1, 1, 0, 0, 1, 1): count=1024, weight=3.640000e+02
  (0, 0, 1, 0, 1, 0, 0, 1, 0): count=1024, weight=3.640000e+02
  (0, 0, 1, 0, 1, 1, 1, 1, 0): count=1024, weight=3.640000e+02
  (0, 1, 1, 0, 0, 1, 1, 1, 0): count=1024, weight=3.640000e+02
  (0, 1, 1, 0, 0, 0, 0, 1, 0): count=1024, weight=3.640000e+02
  (0, 1, 0, 0, 0, 0, 0, 0, 0): count=1024, weight=3.640000e+02
  (0, 1, 0, 0, 0, 1, 1, 0, 0): count=1024, weight=3.640000e+02
  (0, 0, 0, 0, 1, 1, 1, 0, 0): count=1024, weight=3.640000e+02
  (0, 0, 0, 0, 1, 0, 0, 0, 0): count=1024, weight=3.640000e+02
  (0, 0, 0, 1, 1, 0, 1, 0, 0): count=2048, weight=7.280000e+02
  (0, 0, 0, 1, 1, 1, 0, 0, 0): count=2048, weight=7.280000e+02
  (0, 1, 0, 1, 0, 1, 0, 0, 0): count=2048, weight=7.280000e+02
  (0, 1, 0, 1, 0, 0, 1, 0, 0): count=2048, weight=7.280000e+02
  (0, 1, 0, 0, 0, 0, 1, 0, 1): count=2048, weight=7.280000e+02
  (0, 1, 0, 0, 0, 1, 0, 0, 1): count=2048, weight=7.280000e+02
  (0, 0, 0, 0, 1, 1, 0, 0, 1): count=2048, weight=7.280000e+02
  (0, 0, 0, 0, 1, 0, 1, 0, 1): count=2048, weight=7.280000e+02
  (0, 0, 1, 0, 1, 0, 1, 1, 1): count=2048, weight=7.280000e+02
  (0, 0, 1, 0, 1, 1, 0, 1, 1): count=2048, weight=7.280000e+02
  (0, 1, 1, 0, 0, 1, 0, 1, 1): count=2048, weight=7.280000e+02
  (0, 1, 1, 0, 0, 0, 1, 1, 1): count=2048, weight=7.280000e+02
  (0, 1, 1, 1, 0, 0, 1, 1, 0): count=2048, weight=7.280000e+02
  (0, 1, 1, 1, 0, 1, 0, 1, 0): count=2048, weight=7.280000e+02
  (0, 0, 1, 1, 1, 1, 0, 1, 0): count=2048, weight=7.280000e+02
  (0, 0, 1, 1, 1, 0, 1, 1, 0): count=2048, weight=7.280000e+02
  (0, 1, 1, 1, 0, 0, 1, 0, 1): count=1024, weight=2.920000e+02
  (0, 1, 0, 1, 0, 0, 1, 1, 1): count=1024, weight=2.920000e+02
  (0, 1, 0, 1, 0, 1, 0, 1, 1): count=1024, weight=2.920000e+02
  (0, 1, 1, 1, 0, 1, 0, 0, 1): count=1024, weight=2.920000e+02
  (0, 0, 1, 1, 1, 1, 0, 0, 1): count=1024, weight=2.920000e+02
  (0, 0, 0, 1, 1, 1, 0, 1, 1): count=1024, weight=2.920000e+02
  (0, 0, 0, 1, 1, 0, 1, 1, 1): count=1024, weight=2.920000e+02
  (0, 0, 1, 1, 1, 0, 1, 0, 1): count=1024, weight=2.920000e+02
  (0, 0, 1, 0, 1, 0, 1, 0, 0): count=1024, weight=2.920000e+02
  (0, 0, 0, 0, 1, 0, 1, 1, 0): count=1024, weight=2.920000e+02
  (0, 0, 0, 0, 1, 1, 0, 1, 0): count=1024, weight=2.920000e+02
  (0, 0, 1, 0, 1, 1, 0, 0, 0): count=1024, weight=2.920000e+02
  (0, 1, 1, 0, 0, 1, 0, 0, 0): count=1024, weight=2.920000e+02
  (0, 1, 0, 0, 0, 1, 0, 1, 0): count=1024, weight=2.920000e+02
  (0, 1, 0, 0, 0, 0, 1, 1, 0): count=1024, weight=2.920000e+02
  (0, 1, 1, 0, 0, 0, 1, 0, 0): count=1024, weight=2.920000e+02
  (0, 1, 1, 0, 1, 0, 1, 0, 0): count=1024, weight=2.920000e+02
  (0, 1, 0, 0, 1, 0, 1, 1, 0): count=1024, weight=2.920000e+02
  (0, 1, 0, 0, 1, 1, 0, 1, 0): count=1024, weight=2.920000e+02
  (0, 1, 1, 0, 1, 1, 0, 0, 0): count=1024, weight=2.920000e+02
  (0, 1, 1, 1, 1, 1, 0, 0, 1): count=1024, weight=2.920000e+02
  (0, 1, 0, 1, 1, 1, 0, 1, 1): count=1024, weight=2.920000e+02
  (0, 1, 0, 1, 1, 0, 1, 1, 1): count=1024, weight=2.920000e+02
  (0, 1, 1, 1, 1, 0, 1, 0, 1): count=1024, weight=2.920000e+02
  (0, 0, 1, 1, 0, 0, 1, 0, 1): count=1024, weight=2.920000e+02
  (0, 0, 0, 1, 0, 0, 1, 1, 1): count=1024, weight=2.920000e+02
  (0, 0, 0, 1, 0, 1, 0, 1, 1): count=1024, weight=2.920000e+02
  (0, 0, 1, 1, 0, 1, 0, 0, 1): count=1024, weight=2.920000e+02
  (0, 0, 1, 0, 0, 1, 0, 0, 0): count=1024, weight=2.920000e+02
  (0, 0, 0, 0, 0, 1, 0, 1, 0): count=1024, weight=2.920000e+02
  (0, 0, 0, 0, 0, 0, 1, 1, 0): count=1024, weight=2.920000e+02
  (0, 0, 1, 0, 0, 0, 1, 0, 0): count=1024, weight=2.920000e+02
  (0, 0, 1, 1, 0, 0, 0, 0, 0): count=2048, weight=5.840000e+02
  (0, 0, 0, 1, 0, 0, 0, 1, 0): count=2048, weight=5.840000e+02
  (0, 0, 0, 1, 0, 1, 1, 1, 0): count=2048, weight=5.840000e+02
  (0, 0, 1, 1, 0, 1, 1, 0, 0): count=2048, weight=5.840000e+02
  (0, 0, 1, 0, 0, 1, 1, 0, 1): count=2048, weight=5.840000e+02
  (0, 0, 0, 0, 0, 1, 1, 1, 1): count=2048, weight=5.840000e+02
  (0, 0, 0, 0, 0, 0, 0, 1, 1): count=2048, weight=5.840000e+02
  (0, 0, 1, 0, 0, 0, 0, 0, 1): count=2048, weight=5.840000e+02
  (0, 1, 1, 0, 1, 0, 0, 0, 1): count=2048, weight=5.840000e+02
  (0, 1, 0, 0, 1, 0, 0, 1, 1): count=2048, weight=5.840000e+02
  (0, 1, 0, 0, 1, 1, 1, 1, 1): count=2048, weight=5.840000e+02
  (0, 1, 1, 0, 1, 1, 1, 0, 1): count=2048, weight=5.840000e+02
  (0, 1, 1, 1, 1, 1, 1, 0, 0): count=2048, weight=5.840000e+02
  (0, 1, 0, 1, 1, 1, 1, 1, 0): count=2048, weight=5.840000e+02
  (0, 1, 0, 1, 1, 0, 0, 1, 0): count=2048, weight=5.840000e+02
  (0, 1, 1, 1, 1, 0, 0, 0, 0): count=2048, weight=5.840000e+02
  (0, 0, 0, 1, 0, 0, 1, 0, 1): count=1024, weight=2.920000e+02
  (0, 0, 0, 1, 0, 1, 0, 0, 1): count=1024, weight=2.920000e+02
  (0, 0, 1, 1, 0, 1, 0, 1, 1): count=1024, weight=2.920000e+02
  (0, 0, 1, 1, 0, 0, 1, 1, 1): count=1024, weight=2.920000e+02
  (0, 0, 1, 0, 0, 0, 1, 1, 0): count=1024, weight=2.920000e+02
  (0, 0, 1, 0, 0, 1, 0, 1, 0): count=1024, weight=2.920000e+02
  (0, 0, 0, 0, 0, 1, 0, 0, 0): count=1024, weight=2.920000e+02
  (0, 0, 0, 0, 0, 0, 1, 0, 0): count=1024, weight=2.920000e+02
  (0, 1, 0, 0, 1, 0, 1, 0, 0): count=1024, weight=2.920000e+02
  (0, 1, 0, 0, 1, 1, 0, 0, 0): count=1024, weight=2.920000e+02
  (0, 1, 1, 0, 1, 1, 0, 1, 0): count=1024, weight=2.920000e+02
  (0, 1, 1, 0, 1, 0, 1, 1, 0): count=1024, weight=2.920000e+02
  (0, 1, 1, 1, 1, 0, 1, 1, 1): count=1024, weight=2.920000e+02
  (0, 1, 1, 1, 1, 1, 0, 1, 1): count=1024, weight=2.920000e+02
  (0, 1, 0, 1, 1, 1, 0, 0, 1): count=1024, weight=2.920000e+02
  (0, 1, 0, 1, 1, 0, 1, 0, 1): count=1024, weight=2.920000e+02
  (0, 0, 0, 1, 1, 0, 1, 0, 1): count=1024, weight=2.920000e+02
  (0, 0, 0, 1, 1, 1, 0, 0, 1): count=1024, weight=2.920000e+02
  (0, 1, 0, 1, 0, 1, 0, 0, 1): count=1024, weight=2.920000e+02
  (0, 1, 0, 1, 0, 0, 1, 0, 1): count=1024, weight=2.920000e+02
  (0, 1, 1, 1, 0, 0, 1, 1, 1): count=1024, weight=2.920000e+02
  (0, 1, 1, 1, 0, 1, 0, 1, 1): count=1024, weight=2.920000e+02
  (0, 0, 1, 1, 1, 1, 0, 1, 1): count=1024, weight=2.920000e+02
  (0, 0, 1, 1, 1, 0, 1, 1, 1): count=1024, weight=2.920000e+02
  (0, 0, 1, 0, 1, 0, 1, 1, 0): count=1024, weight=2.920000e+02
  (0, 0, 1, 0, 1, 1, 0, 1, 0): count=1024, weight=2.920000e+02
  (0, 1, 1, 0, 0, 1, 0, 1, 0): count=1024, weight=2.920000e+02
  (0, 1, 1, 0, 0, 0, 1, 1, 0): count=1024, weight=2.920000e+02
  (0, 1, 0, 0, 0, 0, 1, 0, 0): count=1024, weight=2.920000e+02
  (0, 1, 0, 0, 0, 1, 0, 0, 0): count=1024, weight=2.920000e+02
  (0, 0, 0, 0, 1, 1, 0, 0, 0): count=1024, weight=2.920000e+02
  (0, 0, 0, 0, 1, 0, 1, 0, 0): count=1024, weight=2.920000e+02
  (0, 0, 0, 1, 1, 0, 0, 0, 0): count=2048, weight=5.840000e+02
  (0, 0, 0, 1, 1, 1, 1, 0, 0): count=2048, weight=5.840000e+02
  (0, 1, 0, 1, 0, 1, 1, 0, 0): count=2048, weight=5.840000e+02
  (0, 1, 0, 1, 0, 0, 0, 0, 0): count=2048, weight=5.840000e+02
  (0, 1, 0, 0, 0, 0, 0, 0, 1): count=2048, weight=5.840000e+02
  (0, 1, 0, 0, 0, 1, 1, 0, 1): count=2048, weight=5.840000e+02
  (0, 0, 0, 0, 1, 1, 1, 0, 1): count=2048, weight=5.840000e+02
  (0, 0, 0, 0, 1, 0, 0, 0, 1): count=2048, weight=5.840000e+02
  (0, 0, 1, 0, 1, 0, 0, 1, 1): count=2048, weight=5.840000e+02
  (0, 0, 1, 0, 1, 1, 1, 1, 1): count=2048, weight=5.840000e+02
  (0, 1, 1, 0, 0, 1, 1, 1, 1): count=2048, weight=5.840000e+02
  (0, 1, 1, 0, 0, 0, 0, 1, 1): count=2048, weight=5.840000e+02
  (0, 1, 1, 1, 0, 0, 0, 1, 0): count=2048, weight=5.840000e+02
  (0, 1, 1, 1, 0, 1, 1, 1, 0): count=2048, weight=5.840000e+02
  (0, 0, 1, 1, 1, 1, 1, 1, 0): count=2048, weight=5.840000e+02
  (0, 0, 1, 1, 1, 0, 0, 1, 0): count=2048, weight=5.840000e+02
  (1, 0, 0, 1, 1, 0, 0, 0, 0): count=2048, weight=7.280000e+02
  (1, 0, 0, 0, 1, 0, 0, 0, 1): count=2048, weight=7.280000e+02
  (1, 1, 0, 0, 0, 0, 0, 0, 1): count=2048, weight=7.280000e+02
  (1, 1, 0, 1, 0, 0, 0, 0, 0): count=2048, weight=7.280000e+02
  (1, 1, 0, 1, 0, 1, 1, 0, 0): count=2048, weight=7.280000e+02
  (1, 1, 0, 0, 0, 1, 1, 0, 1): count=2048, weight=7.280000e+02
  (1, 0, 0, 0, 1, 1, 1, 0, 1): count=2048, weight=7.280000e+02
  (1, 0, 0, 1, 1, 1, 1, 0, 0): count=2048, weight=7.280000e+02
  (1, 0, 1, 1, 1, 1, 1, 1, 0): count=2048, weight=7.280000e+02
  (1, 0, 1, 0, 1, 1, 1, 1, 1): count=2048, weight=7.280000e+02
  (1, 1, 1, 0, 0, 1, 1, 1, 1): count=2048, weight=7.280000e+02
  (1, 1, 1, 1, 0, 1, 1, 1, 0): count=2048, weight=7.280000e+02
  (1, 1, 1, 1, 0, 0, 0, 1, 0): count=2048, weight=7.280000e+02
  (1, 1, 1, 0, 0, 0, 0, 1, 1): count=2048, weight=7.280000e+02
  (1, 0, 1, 0, 1, 0, 0, 1, 1): count=2048, weight=7.280000e+02
  (1, 0, 1, 1, 1, 0, 0, 1, 0): count=2048, weight=7.280000e+02
  (1, 0, 1, 1, 1, 1, 0, 1, 0): count=2048, weight=5.840000e+02
  (1, 0, 1, 0, 1, 1, 0, 1, 1): count=2048, weight=5.840000e+02
  (1, 1, 1, 1, 0, 1, 0, 1, 0): count=2048, weight=5.840000e+02
  (1, 1, 1, 0, 0, 1, 0, 1, 1): count=2048, weight=5.840000e+02
  (1, 1, 1, 1, 0, 0, 1, 1, 0): count=2048, weight=5.840000e+02
  (1, 1, 1, 0, 0, 0, 1, 1, 1): count=2048, weight=5.840000e+02
  (1, 0, 1, 1, 1, 0, 1, 1, 0): count=2048, weight=5.840000e+02
  (1, 0, 1, 0, 1, 0, 1, 1, 1): count=2048, weight=5.840000e+02
  (1, 0, 0, 1, 1, 0, 1, 0, 0): count=2048, weight=5.840000e+02
  (1, 0, 0, 0, 1, 0, 1, 0, 1): count=2048, weight=5.840000e+02
  (1, 1, 0, 1, 0, 0, 1, 0, 0): count=2048, weight=5.840000e+02
  (1, 1, 0, 0, 0, 0, 1, 0, 1): count=2048, weight=5.840000e+02
  (1, 1, 0, 1, 0, 1, 0, 0, 0): count=2048, weight=5.840000e+02
  (1, 1, 0, 0, 0, 1, 0, 0, 1): count=2048, weight=5.840000e+02
  (1, 0, 0, 1, 1, 1, 0, 0, 0): count=2048, weight=5.840000e+02
  (1, 0, 0, 0, 1, 1, 0, 0, 1): count=2048, weight=5.840000e+02
  (1, 0, 0, 1, 0, 0, 1, 1, 0): count=2048, weight=5.840000e+02
  (1, 0, 0, 0, 0, 0, 1, 1, 1): count=2048, weight=5.840000e+02
  (1, 1, 0, 0, 1, 0, 1, 1, 1): count=2048, weight=5.840000e+02
  (1, 1, 0, 1, 1, 0, 1, 1, 0): count=2048, weight=5.840000e+02
  (1, 1, 0, 1, 1, 1, 0, 1, 0): count=2048, weight=5.840000e+02
  (1, 1, 0, 0, 1, 1, 0, 1, 1): count=2048, weight=5.840000e+02
  (1, 0, 0, 0, 0, 1, 0, 1, 1): count=2048, weight=5.840000e+02
  (1, 0, 0, 1, 0, 1, 0, 1, 0): count=2048, weight=5.840000e+02
  (1, 0, 1, 1, 0, 1, 0, 0, 0): count=2048, weight=5.840000e+02
  (1, 0, 1, 0, 0, 1, 0, 0, 1): count=2048, weight=5.840000e+02
  (1, 1, 1, 0, 1, 1, 0, 0, 1): count=2048, weight=5.840000e+02
  (1, 1, 1, 1, 1, 1, 0, 0, 0): count=2048, weight=5.840000e+02
  (1, 1, 1, 1, 1, 0, 1, 0, 0): count=2048, weight=5.840000e+02
  (1, 1, 1, 0, 1, 0, 1, 0, 1): count=2048, weight=5.840000e+02
  (1, 0, 1, 0, 0, 0, 1, 0, 1): count=2048, weight=5.840000e+02
  (1, 0, 1, 1, 0, 0, 1, 0, 0): count=2048, weight=5.840000e+02
  (1, 0, 1, 1, 0, 1, 1, 0, 0): count=2048, weight=7.280000e+02
  (1, 0, 1, 0, 0, 1, 1, 0, 1): count=2048, weight=7.280000e+02
  (1, 1, 1, 0, 1, 1, 1, 0, 1): count=2048, weight=7.280000e+02
  (1, 1, 1, 1, 1, 1, 1, 0, 0): count=2048, weight=7.280000e+02
  (1, 1, 1, 1, 1, 0, 0, 0, 0): count=2048, weight=7.280000e+02
  (1, 1, 1, 0, 1, 0, 0, 0, 1): count=2048, weight=7.280000e+02
  (1, 0, 1, 0, 0, 0, 0, 0, 1): count=2048, weight=7.280000e+02
  (1, 0, 1, 1, 0, 0, 0, 0, 0): count=2048, weight=7.280000e+02
  (1, 0, 0, 1, 0, 0, 0, 1, 0): count=2048, weight=7.280000e+02
  (1, 0, 0, 0, 0, 0, 0, 1, 1): count=2048, weight=7.280000e+02
  (1, 1, 0, 0, 1, 0, 0, 1, 1): count=2048, weight=7.280000e+02
  (1, 1, 0, 1, 1, 0, 0, 1, 0): count=2048, weight=7.280000e+02
  (1, 1, 0, 1, 1, 1, 1, 1, 0): count=2048, weight=7.280000e+02
  (1, 1, 0, 0, 1, 1, 1, 1, 1): count=2048, weight=7.280000e+02
  (1, 0, 0, 0, 0, 1, 1, 1, 1): count=2048, weight=7.280000e+02
  (1, 0, 0, 1, 0, 1, 1, 1, 0): count=2048, weight=7.280000e+02
  (1, 1, 1, 1, 1, 1, 1, 0, 1): count=1024, weight=2.920000e+02
  (1, 1, 1, 1, 1, 1, 1, 1, 1): count=1024, weight=2.920000e+02
  (1, 1, 1, 1, 1, 0, 1, 1, 1): count=1024, weight=3.640000e+02
  (1, 1, 1, 1, 1, 0, 0, 0, 1): count=1024, weight=2.920000e+02
  (1, 1, 1, 1, 1, 0, 0, 1, 1): count=1024, weight=2.920000e+02
  (1, 1, 1, 1, 1, 1, 0, 1, 1): count=1024, weight=3.640000e+02
  (1, 0, 1, 1, 0, 1, 0, 1, 1): count=1024, weight=3.640000e+02
  (1, 0, 1, 1, 0, 0, 0, 0, 1): count=1024, weight=2.920000e+02
  (1, 0, 1, 1, 0, 0, 0, 1, 1): count=1024, weight=2.920000e+02
  (1, 0, 1, 1, 0, 0, 1, 1, 1): count=1024, weight=3.640000e+02
  (1, 0, 1, 1, 0, 1, 1, 0, 1): count=1024, weight=2.920000e+02
  (1, 0, 1, 1, 0, 1, 1, 1, 1): count=1024, weight=2.920000e+02
  (1, 0, 1, 0, 0, 1, 1, 0, 0): count=1024, weight=2.920000e+02
  (1, 0, 1, 0, 0, 1, 1, 1, 0): count=1024, weight=2.920000e+02
  (1, 0, 1, 0, 0, 0, 1, 1, 0): count=1024, weight=3.640000e+02
  (1, 0, 1, 0, 0, 0, 0, 0, 0): count=1024, weight=2.920000e+02
  (1, 0, 1, 0, 0, 0, 0, 1, 0): count=1024, weight=2.920000e+02
  (1, 0, 1, 0, 0, 1, 0, 1, 0): count=1024, weight=3.640000e+02
  (1, 1, 1, 0, 1, 1, 0, 1, 0): count=1024, weight=3.640000e+02
  (1, 1, 1, 0, 1, 0, 0, 0, 0): count=1024, weight=2.920000e+02
  (1, 1, 1, 0, 1, 0, 0, 1, 0): count=1024, weight=2.920000e+02
  (1, 1, 1, 0, 1, 0, 1, 1, 0): count=1024, weight=3.640000e+02
  (1, 1, 1, 0, 1, 1, 1, 0, 0): count=1024, weight=2.920000e+02
  (1, 1, 1, 0, 1, 1, 1, 1, 0): count=1024, weight=2.920000e+02
  (1, 1, 1, 1, 1, 0, 1, 0, 1): count=1024, weight=3.640000e+02
  (1, 1, 1, 1, 1, 1, 0, 0, 1): count=1024, weight=3.640000e+02
  (1, 0, 1, 1, 0, 1, 0, 0, 1): count=1024, weight=3.640000e+02
  (1, 0, 1, 1, 0, 0, 1, 0, 1): count=1024, weight=3.640000e+02
  (1, 0, 1, 0, 0, 0, 1, 0, 0): count=1024, weight=3.640000e+02
  (1, 0, 1, 0, 0, 1, 0, 0, 0): count=1024, weight=3.640000e+02
  (1, 1, 1, 0, 1, 1, 0, 0, 0): count=1024, weight=3.640000e+02
  (1, 1, 1, 0, 1, 0, 1, 0, 0): count=1024, weight=3.640000e+02
  (1, 1, 0, 1, 1, 0, 1, 1, 1): count=1024, weight=3.640000e+02
  (1, 1, 0, 1, 1, 1, 0, 1, 1): count=1024, weight=3.640000e+02
  (1, 0, 0, 1, 0, 1, 0, 1, 1): count=1024, weight=3.640000e+02
  (1, 0, 0, 1, 0, 0, 1, 1, 1): count=1024, weight=3.640000e+02
  (1, 0, 0, 0, 0, 0, 1, 1, 0): count=1024, weight=3.640000e+02
  (1, 0, 0, 0, 0, 1, 0, 1, 0): count=1024, weight=3.640000e+02
  (1, 1, 0, 0, 1, 1, 0, 1, 0): count=1024, weight=3.640000e+02
  (1, 1, 0, 0, 1, 0, 1, 1, 0): count=1024, weight=3.640000e+02
  (1, 1, 0, 0, 1, 0, 1, 0, 0): count=1024, weight=3.640000e+02
  (1, 1, 0, 0, 1, 1, 1, 1, 0): count=1024, weight=2.920000e+02
  (1, 1, 0, 0, 1, 1, 1, 0, 0): count=1024, weight=2.920000e+02
  (1, 1, 0, 0, 1, 1, 0, 0, 0): count=1024, weight=3.640000e+02
  (1, 1, 0, 0, 1, 0, 0, 1, 0): count=1024, weight=2.920000e+02
  (1, 1, 0, 0, 1, 0, 0, 0, 0): count=1024, weight=2.920000e+02
  (1, 0, 0, 0, 0, 0, 0, 1, 0): count=1024, weight=2.920000e+02
  (1, 0, 0, 0, 0, 0, 0, 0, 0): count=1024, weight=2.920000e+02
  (1, 0, 0, 0, 0, 1, 0, 0, 0): count=1024, weight=3.640000e+02
  (1, 0, 0, 0, 0, 1, 1, 1, 0): count=1024, weight=2.920000e+02
  (1, 0, 0, 0, 0, 1, 1, 0, 0): count=1024, weight=2.920000e+02
  (1, 0, 0, 0, 0, 0, 1, 0, 0): count=1024, weight=3.640000e+02
  (1, 0, 0, 1, 0, 0, 1, 0, 1): count=1024, weight=3.640000e+02
  (1, 0, 0, 1, 0, 1, 1, 1, 1): count=1024, weight=2.920000e+02
  (1, 0, 0, 1, 0, 1, 1, 0, 1): count=1024, weight=2.920000e+02
  (1, 0, 0, 1, 0, 1, 0, 0, 1): count=1024, weight=3.640000e+02
  (1, 0, 0, 1, 0, 0, 0, 1, 1): count=1024, weight=2.920000e+02
  (1, 0, 0, 1, 0, 0, 0, 0, 1): count=1024, weight=2.920000e+02
  (1, 1, 0, 1, 1, 0, 0, 1, 1): count=1024, weight=2.920000e+02
  (1, 1, 0, 1, 1, 0, 0, 0, 1): count=1024, weight=2.920000e+02
  (1, 1, 0, 1, 1, 1, 0, 0, 1): count=1024, weight=3.640000e+02
  (1, 1, 0, 1, 1, 1, 1, 1, 1): count=1024, weight=2.920000e+02
  (1, 1, 0, 1, 1, 1, 1, 0, 1): count=1024, weight=2.920000e+02
  (1, 1, 0, 1, 1, 0, 1, 0, 1): count=1024, weight=3.640000e+02
  (1, 0, 0, 1, 1, 1, 1, 1, 1): count=1024, weight=2.920000e+02
  (1, 0, 0, 1, 1, 0, 0, 1, 1): count=1024, weight=2.920000e+02
  (1, 1, 0, 1, 0, 0, 0, 1, 1): count=1024, weight=2.920000e+02
  (1, 1, 0, 1, 0, 1, 1, 1, 1): count=1024, weight=2.920000e+02
  (1, 1, 0, 0, 0, 1, 1, 1, 0): count=1024, weight=2.920000e+02
  (1, 1, 0, 0, 0, 0, 0, 1, 0): count=1024, weight=2.920000e+02
  (1, 0, 0, 0, 1, 0, 0, 1, 0): count=1024, weight=2.920000e+02
  (1, 0, 0, 0, 1, 1, 1, 1, 0): count=1024, weight=2.920000e+02
  (1, 0, 0, 1, 1, 1, 1, 0, 1): count=1024, weight=2.920000e+02
  (1, 0, 0, 1, 1, 0, 0, 0, 1): count=1024, weight=2.920000e+02
  (1, 1, 0, 1, 0, 0, 0, 0, 1): count=1024, weight=2.920000e+02
  (1, 1, 0, 1, 0, 1, 1, 0, 1): count=1024, weight=2.920000e+02
  (1, 1, 0, 0, 0, 1, 1, 0, 0): count=1024, weight=2.920000e+02
  (1, 1, 0, 0, 0, 0, 0, 0, 0): count=1024, weight=2.920000e+02
  (1, 0, 0, 0, 1, 0, 0, 0, 0): count=1024, weight=2.920000e+02
  (1, 0, 0, 0, 1, 1, 1, 0, 0): count=1024, weight=2.920000e+02
  (1, 0, 0, 0, 1, 0, 1, 1, 0): count=1024, weight=3.640000e+02
  (1, 0, 0, 0, 1, 1, 0, 1, 0): count=1024, weight=3.640000e+02
  (1, 1, 0, 0, 0, 1, 0, 1, 0): count=1024, weight=3.640000e+02
  (1, 1, 0, 0, 0, 0, 1, 1, 0): count=1024, weight=3.640000e+02
  (1, 1, 0, 1, 0, 0, 1, 1, 1): count=1024, weight=3.640000e+02
  (1, 1, 0, 1, 0, 1, 0, 1, 1): count=1024, weight=3.640000e+02
  (1, 0, 0, 1, 1, 1, 0, 1, 1): count=1024, weight=3.640000e+02
  (1, 0, 0, 1, 1, 0, 1, 1, 1): count=1024, weight=3.640000e+02
  (1, 0, 1, 1, 1, 1, 1, 0, 1): count=1024, weight=2.920000e+02
  (1, 0, 1, 1, 1, 0, 0, 0, 1): count=1024, weight=2.920000e+02
  (1, 1, 1, 1, 0, 0, 0, 0, 1): count=1024, weight=2.920000e+02
  (1, 1, 1, 1, 0, 1, 1, 0, 1): count=1024, weight=2.920000e+02
  (1, 1, 1, 0, 0, 1, 1, 0, 0): count=1024, weight=2.920000e+02
  (1, 1, 1, 0, 0, 0, 0, 0, 0): count=1024, weight=2.920000e+02
  (1, 0, 1, 0, 1, 0, 0, 0, 0): count=1024, weight=2.920000e+02
  (1, 0, 1, 0, 1, 1, 1, 0, 0): count=1024, weight=2.920000e+02
  (1, 0, 1, 0, 1, 1, 1, 1, 0): count=1024, weight=2.920000e+02
  (1, 0, 1, 0, 1, 0, 0, 1, 0): count=1024, weight=2.920000e+02
  (1, 1, 1, 0, 0, 0, 0, 1, 0): count=1024, weight=2.920000e+02
  (1, 1, 1, 0, 0, 1, 1, 1, 0): count=1024, weight=2.920000e+02
  (1, 1, 1, 1, 0, 1, 1, 1, 1): count=1024, weight=2.920000e+02
  (1, 1, 1, 1, 0, 0, 0, 1, 1): count=1024, weight=2.920000e+02
  (1, 0, 1, 1, 1, 0, 0, 1, 1): count=1024, weight=2.920000e+02
  (1, 0, 1, 1, 1, 1, 1, 1, 1): count=1024, weight=2.920000e+02
  (1, 0, 1, 1, 1, 0, 1, 0, 1): count=1024, weight=3.640000e+02
  (1, 0, 1, 1, 1, 1, 0, 0, 1): count=1024, weight=3.640000e+02
  (1, 1, 1, 1, 0, 1, 0, 0, 1): count=1024, weight=3.640000e+02
  (1, 1, 1, 1, 0, 0, 1, 0, 1): count=1024, weight=3.640000e+02
  (1, 1, 1, 0, 0, 0, 1, 0, 0): count=1024, weight=3.640000e+02
  (1, 1, 1, 0, 0, 1, 0, 0, 0): count=1024, weight=3.640000e+02
  (1, 0, 1, 0, 1, 1, 0, 0, 0): count=1024, weight=3.640000e+02
  (1, 0, 1, 0, 1, 0, 1, 0, 0): count=1024, weight=3.640000e+02
  (1, 0, 1, 0, 1, 0, 1, 1, 0): count=1024, weight=3.640000e+02
  (1, 0, 1, 0, 1, 1, 0, 1, 0): count=1024, weight=3.640000e+02
  (1, 1, 1, 0, 0, 1, 0, 1, 0): count=1024, weight=3.640000e+02
  (1, 1, 1, 0, 0, 0, 1, 1, 0): count=1024, weight=3.640000e+02
  (1, 0, 1, 1, 1, 0, 1, 1, 1): count=1024, weight=3.640000e+02
  (1, 0, 1, 1, 1, 1, 0, 1, 1): count=1024, weight=3.640000e+02
  (1, 1, 1, 1, 0, 1, 0, 1, 1): count=1024, weight=3.640000e+02
  (1, 1, 1, 1, 0, 0, 1, 1, 1): count=1024, weight=3.640000e+02
  (1, 0, 0, 0, 1, 0, 1, 0, 0): count=1024, weight=3.640000e+02
  (1, 0, 0, 0, 1, 1, 0, 0, 0): count=1024, weight=3.640000e+02
  (1, 1, 0, 0, 0, 1, 0, 0, 0): count=1024, weight=3.640000e+02
  (1, 1, 0, 0, 0, 0, 1, 0, 0): count=1024, weight=3.640000e+02
  (1, 0, 0, 1, 1, 0, 1, 0, 1): count=1024, weight=3.640000e+02
  (1, 0, 0, 1, 1, 1, 0, 0, 1): count=1024, weight=3.640000e+02
  (1, 1, 0, 1, 0, 1, 0, 0, 1): count=1024, weight=3.640000e+02
  (1, 1, 0, 1, 0, 0, 1, 0, 1): count=1024, weight=3.640000e+02
time: 143.4892s
